Density

1.42

Photon    Coherent Incoher. Photoel. Nuclear  Electron Tot. w/  Tot. wo/ 
Energy    Scatter. Scatter. Absorb.  Pr. Prd. Pr. Prd. Coherent Coherent 

1.000E-03 1.665E+00 1.339E-02 3.482E+03 0.000E+00 0.000E+00 3.484E+03 3.482E+03 
1.035E-03 1.654E+00 1.419E-02 3.173E+03 0.000E+00 0.000E+00 3.175E+03 3.173E+03 
1.072E-03 1.643E+00 1.504E-02 2.892E+03 0.000E+00 0.000E+00 2.893E+03 2.892E+03 
1.072E-03 1.643E+00 1.504E-02 2.898E+03 0.000E+00 0.000E+00 2.899E+03 2.898E+03 
1.183E-03 1.610E+00 1.771E-02 2.228E+03 0.000E+00 0.000E+00 2.230E+03 2.228E+03 
1.305E-03 1.576E+00 2.080E-02 1.712E+03 0.000E+00 0.000E+00 1.713E+03 1.712E+03 
1.305E-03 1.576E+00 2.080E-02 1.717E+03 0.000E+00 0.000E+00 1.718E+03 1.717E+03 
1.500E-03 1.519E+00 2.595E-02 1.178E+03 0.000E+00 0.000E+00 1.179E+03 1.178E+03 
2.000E-03 1.365E+00 3.946E-02 5.292E+02 0.000E+00 0.000E+00 5.306E+02 5.293E+02 
2.145E-03 1.321E+00 4.337E-02 4.339E+02 0.000E+00 0.000E+00 4.352E+02 4.339E+02 
2.145E-03 1.321E+00 4.337E-02 5.694E+02 0.000E+00 0.000E+00 5.708E+02 5.694E+02 
2.303E-03 1.274E+00 4.754E-02 4.703E+02 0.000E+00 0.000E+00 4.716E+02 4.704E+02 
2.472E-03 1.226E+00 5.194E-02 3.882E+02 0.000E+00 0.000E+00 3.895E+02 3.883E+02 
2.472E-03 1.226E+00 5.194E-02 3.938E+02 0.000E+00 0.000E+00 3.951E+02 3.938E+02 
2.641E-03 1.179E+00 5.623E-02 3.289E+02 0.000E+00 0.000E+00 3.302E+02 3.290E+02 
2.822E-03 1.130E+00 6.068E-02 2.744E+02 0.000E+00 0.000E+00 2.756E+02 2.745E+02 
2.822E-03 1.130E+00 6.068E-02 2.759E+02 0.000E+00 0.000E+00 2.771E+02 2.759E+02 
3.000E-03 1.085E+00 6.489E-02 2.332E+02 0.000E+00 0.000E+00 2.344E+02 2.333E+02 
3.607E-03 9.438E-01 7.804E-02 1.387E+02 0.000E+00 0.000E+00 1.398E+02 1.388E+02 
3.607E-03 9.438E-01 7.804E-02 1.398E+02 0.000E+00 0.000E+00 1.408E+02 1.399E+02 
4.000E-03 8.637E-01 8.551E-02 1.041E+02 0.000E+00 0.000E+00 1.050E+02 1.042E+02 
4.038E-03 8.564E-01 8.620E-02 1.013E+02 0.000E+00 0.000E+00 1.022E+02 1.014E+02 
4.038E-03 8.564E-01 8.620E-02 2.215E+02 0.000E+00 0.000E+00 2.224E+02 2.216E+02 
5.000E-03 6.997E-01 1.013E-01 1.260E+02 0.000E+00 0.000E+00 1.268E+02 1.261E+02 
6.000E-03 5.797E-01 1.132E-01 7.641E+01 0.000E+00 0.000E+00 7.710E+01 7.652E+01 
8.000E-03 4.226E-01 1.296E-01 3.424E+01 0.000E+00 0.000E+00 3.479E+01 3.437E+01 
1.000E-02 3.270E-01 1.403E-01 1.811E+01 0.000E+00 0.000E+00 1.858E+01 1.825E+01 
1.500E-02 1.971E-01 1.562E-01 5.543E+00 0.000E+00 0.000E+00 5.896E+00 5.699E+00 
2.000E-02 1.314E-01 1.647E-01 2.349E+00 0.000E+00 0.000E+00 2.645E+00 2.514E+00 
3.000E-02 6.998E-02 1.714E-01 6.842E-01 0.000E+00 0.000E+00 9.256E-01 8.556E-01 
4.000E-02 4.352E-02 1.720E-01 2.813E-01 0.000E+00 0.000E+00 4.968E-01 4.533E-01 
5.000E-02 2.973E-02 1.702E-01 1.402E-01 0.000E+00 0.000E+00 3.401E-01 3.104E-01 
6.000E-02 2.159E-02 1.674E-01 7.911E-02 0.000E+00 0.000E+00 2.681E-01 2.465E-01 
8.000E-02 1.283E-02 1.610E-01 3.189E-02 0.000E+00 0.000E+00 2.057E-01 1.929E-01 
1.000E-01 8.469E-03 1.545E-01 1.573E-02 0.000E+00 0.000E+00 1.787E-01 1.703E-01 
1.500E-01 3.914E-03 1.403E-01 4.364E-03 0.000E+00 0.000E+00 1.486E-01 1.447E-01 
2.000E-01 2.241E-03 1.290E-01 1.775E-03 0.000E+00 0.000E+00 1.331E-01 1.308E-01 
3.000E-01 1.012E-03 1.125E-01 5.176E-04 0.000E+00 0.000E+00 1.141E-01 1.131E-01 
4.000E-01 5.726E-04 1.010E-01 2.256E-04 0.000E+00 0.000E+00 1.017E-01 1.012E-01 
5.000E-01 3.675E-04 9.226E-02 1.229E-04 0.000E+00 0.000E+00 9.275E-02 9.238E-02 
6.000E-01 2.557E-04 8.536E-02 7.699E-05 0.000E+00 0.000E+00 8.569E-02 8.544E-02 
8.000E-01 1.440E-04 7.502E-02 3.907E-05 0.000E+00 0.000E+00 7.520E-02 7.506E-02 
1.000E+00 9.226E-05 6.747E-02 2.429E-05 0.000E+00 0.000E+00 6.759E-02 6.750E-02 
1.022E+00 8.835E-05 6.677E-02 2.295E-05 0.000E+00 0.000E+00 6.688E-02 6.679E-02 
1.250E+00 5.908E-05 6.034E-02 1.555E-05 2.282E-05 0.000E+00 6.043E-02 6.038E-02 
1.500E+00 4.104E-05 5.484E-02 1.124E-05 1.240E-04 0.000E+00 5.502E-02 5.498E-02 
2.000E+00 2.309E-05 4.680E-02 6.981E-06 4.901E-04 0.000E+00 4.732E-02 4.730E-02 
2.044E+00 2.211E-05 4.622E-02 6.747E-06 5.281E-04 0.000E+00 4.678E-02 4.675E-02 
3.000E+00 1.026E-05 3.682E-02 3.832E-06 1.392E-03 1.288E-05 3.824E-02 3.823E-02 
4.000E+00 5.775E-06 3.072E-02 2.599E-06 2.251E-03 5.260E-05 3.303E-02 3.302E-02 
5.000E+00 3.695E-06 2.652E-02 1.956E-06 3.015E-03 1.048E-04 2.965E-02 2.965E-02 
6.000E+00 2.566E-06 2.345E-02 1.564E-06 3.700E-03 1.610E-04 2.731E-02 2.731E-02 
