Density

1.38

Photon    Coherent Incoher. Photoel. Nuclear  Electron Tot. w/  Tot. wo/ 
Energy    Scatter. Scatter. Absorb.  Pr. Prd. Pr. Prd. Coherent Coherent 

1.000E-03 1.637E+00 1.330E-02 3.524E+03 0.000E+00 0.000E+00 3.526E+03 3.524E+03 
1.035E-03 1.626E+00 1.410E-02 3.212E+03 0.000E+00 0.000E+00 3.213E+03 3.212E+03 
1.072E-03 1.615E+00 1.495E-02 2.927E+03 0.000E+00 0.000E+00 2.928E+03 2.927E+03 
1.072E-03 1.615E+00 1.495E-02 2.933E+03 0.000E+00 0.000E+00 2.934E+03 2.933E+03 
1.183E-03 1.584E+00 1.762E-02 2.255E+03 0.000E+00 0.000E+00 2.257E+03 2.255E+03 
1.305E-03 1.550E+00 2.072E-02 1.732E+03 0.000E+00 0.000E+00 1.734E+03 1.733E+03 
1.305E-03 1.550E+00 2.072E-02 1.737E+03 0.000E+00 0.000E+00 1.739E+03 1.738E+03 
1.500E-03 1.495E+00 2.588E-02 1.192E+03 0.000E+00 0.000E+00 1.193E+03 1.192E+03 
2.000E-03 1.344E+00 3.947E-02 5.353E+02 0.000E+00 0.000E+00 5.367E+02 5.353E+02 
2.145E-03 1.301E+00 4.341E-02 4.388E+02 0.000E+00 0.000E+00 4.401E+02 4.388E+02 
2.145E-03 1.301E+00 4.341E-02 5.656E+02 0.000E+00 0.000E+00 5.669E+02 5.656E+02 
2.303E-03 1.255E+00 4.761E-02 4.668E+02 0.000E+00 0.000E+00 4.681E+02 4.669E+02 
2.472E-03 1.207E+00 5.204E-02 3.851E+02 0.000E+00 0.000E+00 3.863E+02 3.851E+02 
2.472E-03 1.207E+00 5.204E-02 3.906E+02 0.000E+00 0.000E+00 3.919E+02 3.907E+02 
2.641E-03 1.160E+00 5.637E-02 3.261E+02 0.000E+00 0.000E+00 3.273E+02 3.261E+02 
2.822E-03 1.112E+00 6.086E-02 2.719E+02 0.000E+00 0.000E+00 2.730E+02 2.719E+02 
2.822E-03 1.112E+00 6.086E-02 2.733E+02 0.000E+00 0.000E+00 2.745E+02 2.734E+02 
3.000E-03 1.067E+00 6.511E-02 2.309E+02 0.000E+00 0.000E+00 2.321E+02 2.310E+02 
3.607E-03 9.275E-01 7.838E-02 1.372E+02 0.000E+00 0.000E+00 1.382E+02 1.373E+02 
3.607E-03 9.275E-01 7.838E-02 1.383E+02 0.000E+00 0.000E+00 1.393E+02 1.383E+02 
4.000E-03 8.482E-01 8.593E-02 1.029E+02 0.000E+00 0.000E+00 1.038E+02 1.029E+02 
4.038E-03 8.410E-01 8.662E-02 1.001E+02 0.000E+00 0.000E+00 1.010E+02 1.002E+02 
4.038E-03 8.410E-01 8.662E-02 2.078E+02 0.000E+00 0.000E+00 2.087E+02 2.078E+02 
5.000E-03 6.858E-01 1.018E-01 1.179E+02 0.000E+00 0.000E+00 1.186E+02 1.180E+02 
6.000E-03 5.670E-01 1.139E-01 7.132E+01 0.000E+00 0.000E+00 7.200E+01 7.143E+01 
8.000E-03 4.119E-01 1.304E-01 3.187E+01 0.000E+00 0.000E+00 3.242E+01 3.200E+01 
1.000E-02 3.178E-01 1.412E-01 1.683E+01 0.000E+00 0.000E+00 1.729E+01 1.697E+01 
1.500E-02 1.911E-01 1.570E-01 5.135E+00 0.000E+00 0.000E+00 5.483E+00 5.292E+00 
2.000E-02 1.273E-01 1.654E-01 2.172E+00 0.000E+00 0.000E+00 2.465E+00 2.338E+00 
3.000E-02 6.778E-02 1.720E-01 6.315E-01 0.000E+00 0.000E+00 8.713E-01 8.035E-01 
4.000E-02 4.211E-02 1.725E-01 2.593E-01 0.000E+00 0.000E+00 4.740E-01 4.319E-01 
5.000E-02 2.874E-02 1.707E-01 1.292E-01 0.000E+00 0.000E+00 3.286E-01 2.999E-01 
6.000E-02 2.086E-02 1.679E-01 7.282E-02 0.000E+00 0.000E+00 2.616E-01 2.407E-01 
8.000E-02 1.238E-02 1.614E-01 2.933E-02 0.000E+00 0.000E+00 2.031E-01 1.908E-01 
1.000E-01 8.171E-03 1.549E-01 1.446E-02 0.000E+00 0.000E+00 1.775E-01 1.694E-01 
1.500E-01 3.773E-03 1.407E-01 4.007E-03 0.000E+00 0.000E+00 1.484E-01 1.447E-01 
2.000E-01 2.160E-03 1.293E-01 1.629E-03 0.000E+00 0.000E+00 1.331E-01 1.310E-01 
3.000E-01 9.742E-04 1.128E-01 4.747E-04 0.000E+00 0.000E+00 1.142E-01 1.133E-01 
4.000E-01 5.513E-04 1.012E-01 2.069E-04 0.000E+00 0.000E+00 1.019E-01 1.014E-01 
5.000E-01 3.538E-04 9.245E-02 1.127E-04 0.000E+00 0.000E+00 9.292E-02 9.256E-02 
6.000E-01 2.461E-04 8.554E-02 7.057E-05 0.000E+00 0.000E+00 8.586E-02 8.561E-02 
8.000E-01 1.387E-04 7.518E-02 3.581E-05 0.000E+00 0.000E+00 7.535E-02 7.521E-02 
1.000E+00 8.881E-05 6.761E-02 2.226E-05 0.000E+00 0.000E+00 6.772E-02 6.764E-02 
1.022E+00 8.504E-05 6.691E-02 2.103E-05 0.000E+00 0.000E+00 6.701E-02 6.693E-02 
1.250E+00 5.687E-05 6.046E-02 1.425E-05 2.234E-05 0.000E+00 6.056E-02 6.050E-02 
1.500E+00 3.950E-05 5.496E-02 1.030E-05 1.216E-04 0.000E+00 5.513E-02 5.509E-02 
2.000E+00 2.223E-05 4.690E-02 6.399E-06 4.807E-04 0.000E+00 4.741E-02 4.739E-02 
2.044E+00 2.128E-05 4.631E-02 6.185E-06 5.180E-04 0.000E+00 4.686E-02 4.684E-02 
3.000E+00 9.880E-06 3.690E-02 3.513E-06 1.366E-03 1.291E-05 3.829E-02 3.828E-02 
4.000E+00 5.559E-06 3.078E-02 2.383E-06 2.210E-03 5.271E-05 3.305E-02 3.304E-02 
5.000E+00 3.557E-06 2.658E-02 1.794E-06 2.960E-03 1.050E-04 2.965E-02 2.965E-02 
6.000E+00 2.470E-06 2.349E-02 1.434E-06 3.633E-03 1.613E-04 2.729E-02 2.729E-02 
