Density

1.46

Photon    Coherent Incoher. Photoel. Nuclear  Electron Tot. w/  Tot. wo/ 
Energy    Scatter. Scatter. Absorb.  Pr. Prd. Pr. Prd. Coherent Coherent 

1.000E-03 1.694E+00 1.356E-02 3.372E+03 0.000E+00 0.000E+00 3.373E+03 3.372E+03 
1.035E-03 1.683E+00 1.437E-02 3.072E+03 0.000E+00 0.000E+00 3.074E+03 3.072E+03 
1.072E-03 1.671E+00 1.522E-02 2.799E+03 0.000E+00 0.000E+00 2.801E+03 2.799E+03 
1.072E-03 1.671E+00 1.522E-02 2.805E+03 0.000E+00 0.000E+00 2.807E+03 2.805E+03 
1.183E-03 1.638E+00 1.789E-02 2.157E+03 0.000E+00 0.000E+00 2.158E+03 2.157E+03 
1.305E-03 1.602E+00 2.099E-02 1.656E+03 0.000E+00 0.000E+00 1.658E+03 1.656E+03 
1.305E-03 1.602E+00 2.099E-02 1.661E+03 0.000E+00 0.000E+00 1.663E+03 1.661E+03 
1.500E-03 1.543E+00 2.612E-02 1.140E+03 0.000E+00 0.000E+00 1.141E+03 1.140E+03 
2.000E-03 1.385E+00 3.953E-02 5.122E+02 0.000E+00 0.000E+00 5.136E+02 5.122E+02 
2.145E-03 1.340E+00 4.340E-02 4.199E+02 0.000E+00 0.000E+00 4.213E+02 4.200E+02 
2.145E-03 1.340E+00 4.340E-02 5.756E+02 0.000E+00 0.000E+00 5.770E+02 5.757E+02 
2.303E-03 1.293E+00 4.754E-02 4.761E+02 0.000E+00 0.000E+00 4.775E+02 4.762E+02 
2.472E-03 1.243E+00 5.188E-02 3.936E+02 0.000E+00 0.000E+00 3.949E+02 3.937E+02 
2.472E-03 1.243E+00 5.188E-02 3.973E+02 0.000E+00 0.000E+00 3.986E+02 3.974E+02 
3.000E-03 1.101E+00 6.468E-02 2.347E+02 0.000E+00 0.000E+00 2.359E+02 2.348E+02 
4.000E-03 8.783E-01 8.499E-02 1.043E+02 0.000E+00 0.000E+00 1.052E+02 1.043E+02 
4.038E-03 8.709E-01 8.567E-02 1.015E+02 0.000E+00 0.000E+00 1.024E+02 1.016E+02 
4.038E-03 8.709E-01 8.567E-02 2.390E+02 0.000E+00 0.000E+00 2.400E+02 2.391E+02 
5.000E-03 7.137E-01 1.005E-01 1.365E+02 0.000E+00 0.000E+00 1.373E+02 1.366E+02 
6.000E-03 5.931E-01 1.122E-01 8.294E+01 0.000E+00 0.000E+00 8.365E+01 8.305E+01 
8.000E-03 4.347E-01 1.284E-01 3.730E+01 0.000E+00 0.000E+00 3.786E+01 3.742E+01 
1.000E-02 3.377E-01 1.390E-01 1.977E+01 0.000E+00 0.000E+00 2.025E+01 1.991E+01 
1.500E-02 2.044E-01 1.550E-01 6.071E+00 0.000E+00 0.000E+00 6.431E+00 6.226E+00 
2.000E-02 1.363E-01 1.636E-01 2.578E+00 0.000E+00 0.000E+00 2.878E+00 2.742E+00 
3.000E-02 7.260E-02 1.704E-01 7.529E-01 0.000E+00 0.000E+00 9.958E-01 9.232E-01 
4.000E-02 4.521E-02 1.710E-01 3.100E-01 0.000E+00 0.000E+00 5.262E-01 4.810E-01 
5.000E-02 3.092E-02 1.693E-01 1.547E-01 0.000E+00 0.000E+00 3.549E-01 3.240E-01 
6.000E-02 2.248E-02 1.666E-01 8.733E-02 0.000E+00 0.000E+00 2.764E-01 2.539E-01 
8.000E-02 1.337E-02 1.602E-01 3.524E-02 0.000E+00 0.000E+00 2.088E-01 1.955E-01 
1.000E-01 8.831E-03 1.538E-01 1.739E-02 0.000E+00 0.000E+00 1.801E-01 1.712E-01 
1.500E-01 4.086E-03 1.397E-01 4.831E-03 0.000E+00 0.000E+00 1.486E-01 1.446E-01 
2.000E-01 2.341E-03 1.285E-01 1.966E-03 0.000E+00 0.000E+00 1.328E-01 1.305E-01 
3.000E-01 1.057E-03 1.121E-01 5.738E-04 0.000E+00 0.000E+00 1.137E-01 1.127E-01 
4.000E-01 5.985E-04 1.005E-01 2.502E-04 0.000E+00 0.000E+00 1.014E-01 1.008E-01 
5.000E-01 3.842E-04 9.189E-02 1.363E-04 0.000E+00 0.000E+00 9.241E-02 9.203E-02 
6.000E-01 2.673E-04 8.502E-02 8.541E-05 0.000E+00 0.000E+00 8.538E-02 8.511E-02 
8.000E-01 1.506E-04 7.472E-02 4.335E-05 0.000E+00 0.000E+00 7.491E-02 7.476E-02 
1.000E+00 9.647E-05 6.720E-02 2.695E-05 0.000E+00 0.000E+00 6.733E-02 6.723E-02 
1.022E+00 9.238E-05 6.650E-02 2.547E-05 0.000E+00 0.000E+00 6.662E-02 6.653E-02 
1.250E+00 6.178E-05 6.010E-02 1.725E-05 2.337E-05 0.000E+00 6.020E-02 6.014E-02 
1.500E+00 4.291E-05 5.463E-02 1.247E-05 1.268E-04 0.000E+00 5.481E-02 5.477E-02 
2.000E+00 2.414E-05 4.662E-02 7.745E-06 5.008E-04 0.000E+00 4.715E-02 4.713E-02 
2.044E+00 2.312E-05 4.604E-02 7.485E-06 5.397E-04 0.000E+00 4.661E-02 4.658E-02 
3.000E+00 1.073E-05 3.668E-02 4.249E-06 1.421E-03 1.283E-05 3.813E-02 3.811E-02 
4.000E+00 6.039E-06 3.059E-02 2.881E-06 2.298E-03 5.239E-05 3.295E-02 3.295E-02 
5.000E+00 3.864E-06 2.642E-02 2.168E-06 3.077E-03 1.044E-04 2.961E-02 2.960E-02 
6.000E+00 2.684E-06 2.335E-02 1.733E-06 3.776E-03 1.603E-04 2.729E-02 2.729E-02 
