Density

1.61

Photon    Coherent Incoher. Photoel. Nuclear  Electron Tot. w/  Tot. wo/ 
Energy    Scatter. Scatter. Absorb.  Pr. Prd. Pr. Prd. Coherent Coherent 

1.000E-03 1.812E+00 1.294E-02 3.617E+03 0.000E+00 0.000E+00 3.619E+03 3.617E+03 
1.035E-03 1.799E+00 1.370E-02 3.298E+03 0.000E+00 0.000E+00 3.299E+03 3.298E+03 
1.072E-03 1.787E+00 1.451E-02 3.006E+03 0.000E+00 0.000E+00 3.008E+03 3.006E+03 
1.072E-03 1.787E+00 1.451E-02 3.012E+03 0.000E+00 0.000E+00 3.014E+03 3.012E+03 
1.183E-03 1.752E+00 1.703E-02 2.319E+03 0.000E+00 0.000E+00 2.320E+03 2.319E+03 
1.305E-03 1.715E+00 1.995E-02 1.783E+03 0.000E+00 0.000E+00 1.785E+03 1.783E+03 
1.305E-03 1.715E+00 1.995E-02 1.793E+03 0.000E+00 0.000E+00 1.795E+03 1.793E+03 
1.500E-03 1.653E+00 2.479E-02 1.232E+03 0.000E+00 0.000E+00 1.234E+03 1.232E+03 
2.000E-03 1.489E+00 3.746E-02 5.558E+02 0.000E+00 0.000E+00 5.574E+02 5.559E+02 
2.145E-03 1.442E+00 4.113E-02 4.561E+02 0.000E+00 0.000E+00 4.576E+02 4.561E+02 
2.145E-03 1.442E+00 4.113E-02 6.362E+02 0.000E+00 0.000E+00 6.377E+02 6.362E+02 
2.303E-03 1.393E+00 4.505E-02 5.268E+02 0.000E+00 0.000E+00 5.283E+02 5.269E+02 
2.472E-03 1.341E+00 4.919E-02 4.360E+02 0.000E+00 0.000E+00 4.374E+02 4.360E+02 
2.472E-03 1.341E+00 4.919E-02 4.416E+02 0.000E+00 0.000E+00 4.429E+02 4.416E+02 
3.000E-03 1.191E+00 6.144E-02 2.617E+02 0.000E+00 0.000E+00 2.629E+02 2.617E+02 
4.000E-03 9.552E-01 8.114E-02 1.166E+02 0.000E+00 0.000E+00 1.176E+02 1.167E+02 
4.038E-03 9.472E-01 8.180E-02 1.135E+02 0.000E+00 0.000E+00 1.145E+02 1.136E+02 
4.038E-03 9.472E-01 8.180E-02 2.727E+02 0.000E+00 0.000E+00 2.738E+02 2.728E+02 
5.000E-03 7.784E-01 9.639E-02 1.560E+02 0.000E+00 0.000E+00 1.569E+02 1.561E+02 
6.000E-03 6.479E-01 1.081E-01 9.490E+01 0.000E+00 0.000E+00 9.566E+01 9.501E+01 
8.000E-03 4.756E-01 1.244E-01 4.274E+01 0.000E+00 0.000E+00 4.334E+01 4.286E+01 
1.000E-02 3.695E-01 1.352E-01 2.268E+01 0.000E+00 0.000E+00 2.318E+01 2.281E+01 
1.500E-02 2.237E-01 1.514E-01 6.974E+00 0.000E+00 0.000E+00 7.349E+00 7.125E+00 
2.000E-02 1.492E-01 1.602E-01 2.964E+00 0.000E+00 0.000E+00 3.273E+00 3.124E+00 
3.000E-02 7.963E-02 1.674E-01 8.663E-01 0.000E+00 0.000E+00 1.113E+00 1.034E+00 
4.000E-02 4.967E-02 1.684E-01 3.569E-01 0.000E+00 0.000E+00 5.750E-01 5.253E-01 
5.000E-02 3.401E-02 1.669E-01 1.781E-01 0.000E+00 0.000E+00 3.791E-01 3.451E-01 
6.000E-02 2.474E-02 1.644E-01 1.006E-01 0.000E+00 0.000E+00 2.898E-01 2.650E-01 
8.000E-02 1.473E-02 1.583E-01 4.061E-02 0.000E+00 0.000E+00 2.137E-01 1.989E-01 
1.000E-01 9.740E-03 1.521E-01 2.005E-02 0.000E+00 0.000E+00 1.819E-01 1.721E-01 
1.500E-01 4.511E-03 1.383E-01 5.570E-03 0.000E+00 0.000E+00 1.483E-01 1.438E-01 
2.000E-01 2.586E-03 1.272E-01 2.267E-03 0.000E+00 0.000E+00 1.320E-01 1.295E-01 
3.000E-01 1.169E-03 1.110E-01 6.619E-04 0.000E+00 0.000E+00 1.128E-01 1.116E-01 
4.000E-01 6.618E-04 9.956E-02 2.887E-04 0.000E+00 0.000E+00 1.005E-01 9.985E-02 
5.000E-01 4.249E-04 9.099E-02 1.573E-04 0.000E+00 0.000E+00 9.157E-02 9.115E-02 
6.000E-01 2.956E-04 8.420E-02 9.855E-05 0.000E+00 0.000E+00 8.459E-02 8.429E-02 
8.000E-01 1.666E-04 7.400E-02 5.001E-05 0.000E+00 0.000E+00 7.421E-02 7.405E-02 
1.000E+00 1.067E-04 6.656E-02 3.109E-05 0.000E+00 0.000E+00 6.669E-02 6.659E-02 
1.022E+00 1.022E-04 6.586E-02 2.940E-05 0.000E+00 0.000E+00 6.599E-02 6.589E-02 
1.250E+00 6.833E-05 5.952E-02 1.991E-05 2.505E-05 0.000E+00 5.963E-02 5.956E-02 
1.500E+00 4.746E-05 5.410E-02 1.439E-05 1.357E-04 0.000E+00 5.429E-02 5.425E-02 
2.000E+00 2.671E-05 4.617E-02 8.936E-06 5.352E-04 0.000E+00 4.674E-02 4.671E-02 
2.044E+00 2.557E-05 4.559E-02 8.637E-06 5.767E-04 0.000E+00 4.620E-02 4.618E-02 
3.000E+00 1.187E-05 3.632E-02 4.902E-06 1.518E-03 1.271E-05 3.787E-02 3.786E-02 
4.000E+00 6.680E-06 3.030E-02 3.324E-06 2.453E-03 5.189E-05 3.282E-02 3.281E-02 
5.000E+00 4.274E-06 2.617E-02 2.501E-06 3.284E-03 1.034E-04 2.956E-02 2.956E-02 
6.000E+00 2.968E-06 2.313E-02 1.999E-06 4.030E-03 1.588E-04 2.732E-02 2.732E-02 
