Density

1.33

Photon    Coherent Incoher. Photoel. Nuclear  Electron Tot. w/  Tot. wo/ 
Energy    Scatter. Scatter. Absorb.  Pr. Prd. Pr. Prd. Coherent Coherent 

1.000E-03 1.591E+00 1.358E-02 3.424E+03 0.000E+00 0.000E+00 3.426E+03 3.424E+03 
1.142E-03 1.550E+00 1.699E-02 2.399E+03 0.000E+00 0.000E+00 2.400E+03 2.399E+03 
1.305E-03 1.506E+00 2.118E-02 1.677E+03 0.000E+00 0.000E+00 1.679E+03 1.677E+03 
1.305E-03 1.506E+00 2.118E-02 1.682E+03 0.000E+00 0.000E+00 1.684E+03 1.682E+03 
1.500E-03 1.451E+00 2.646E-02 1.153E+03 0.000E+00 0.000E+00 1.154E+03 1.153E+03 
2.000E-03 1.303E+00 4.037E-02 5.170E+02 0.000E+00 0.000E+00 5.184E+02 5.171E+02 
2.145E-03 1.260E+00 4.438E-02 4.237E+02 0.000E+00 0.000E+00 4.250E+02 4.237E+02 
2.145E-03 1.260E+00 4.438E-02 5.371E+02 0.000E+00 0.000E+00 5.384E+02 5.371E+02 
2.303E-03 1.215E+00 4.868E-02 4.430E+02 0.000E+00 0.000E+00 4.442E+02 4.430E+02 
2.472E-03 1.168E+00 5.319E-02 3.651E+02 0.000E+00 0.000E+00 3.663E+02 3.651E+02 
2.472E-03 1.168E+00 5.319E-02 3.688E+02 0.000E+00 0.000E+00 3.700E+02 3.689E+02 
2.641E-03 1.122E+00 5.760E-02 3.076E+02 0.000E+00 0.000E+00 3.088E+02 3.077E+02 
2.822E-03 1.075E+00 6.217E-02 2.562E+02 0.000E+00 0.000E+00 2.574E+02 2.563E+02 
2.822E-03 1.075E+00 6.217E-02 2.577E+02 0.000E+00 0.000E+00 2.588E+02 2.577E+02 
3.000E-03 1.031E+00 6.648E-02 2.176E+02 0.000E+00 0.000E+00 2.187E+02 2.176E+02 
3.607E-03 8.950E-01 7.993E-02 1.290E+02 0.000E+00 0.000E+00 1.300E+02 1.291E+02 
3.607E-03 8.950E-01 7.993E-02 1.301E+02 0.000E+00 0.000E+00 1.311E+02 1.302E+02 
4.000E-03 8.179E-01 8.755E-02 9.672E+01 0.000E+00 0.000E+00 9.763E+01 9.681E+01 
4.038E-03 8.108E-01 8.824E-02 9.412E+01 0.000E+00 0.000E+00 9.502E+01 9.421E+01 
4.038E-03 8.108E-01 8.824E-02 1.945E+02 0.000E+00 0.000E+00 1.954E+02 1.946E+02 
5.000E-03 6.603E-01 1.035E-01 1.103E+02 0.000E+00 0.000E+00 1.110E+02 1.104E+02 
6.000E-03 5.455E-01 1.156E-01 6.668E+01 0.000E+00 0.000E+00 6.734E+01 6.680E+01 
7.112E-03 4.523E-01 1.257E-01 4.148E+01 0.000E+00 0.000E+00 4.206E+01 4.161E+01 
7.112E-03 4.523E-01 1.257E-01 4.184E+01 0.000E+00 0.000E+00 4.241E+01 4.196E+01 
8.000E-03 3.959E-01 1.320E-01 3.004E+01 0.000E+00 0.000E+00 3.057E+01 3.018E+01 
1.000E-02 3.055E-01 1.427E-01 1.586E+01 0.000E+00 0.000E+00 1.631E+01 1.601E+01 
1.500E-02 1.837E-01 1.584E-01 4.841E+00 0.000E+00 0.000E+00 5.183E+00 5.000E+00 
2.000E-02 1.224E-01 1.668E-01 2.048E+00 0.000E+00 0.000E+00 2.338E+00 2.215E+00 
3.000E-02 6.513E-02 1.732E-01 5.957E-01 0.000E+00 0.000E+00 8.340E-01 7.688E-01 
4.000E-02 4.043E-02 1.736E-01 2.447E-01 0.000E+00 0.000E+00 4.587E-01 4.182E-01 
5.000E-02 2.758E-02 1.717E-01 1.219E-01 0.000E+00 0.000E+00 3.211E-01 2.935E-01 
6.000E-02 2.001E-02 1.688E-01 6.873E-02 0.000E+00 0.000E+00 2.575E-01 2.375E-01 
8.000E-02 1.187E-02 1.622E-01 2.769E-02 0.000E+00 0.000E+00 2.018E-01 1.899E-01 
1.000E-01 7.832E-03 1.556E-01 1.365E-02 0.000E+00 0.000E+00 1.771E-01 1.693E-01 
1.500E-01 3.615E-03 1.412E-01 3.785E-03 0.000E+00 0.000E+00 1.486E-01 1.450E-01 
2.000E-01 2.068E-03 1.298E-01 1.539E-03 0.000E+00 0.000E+00 1.335E-01 1.314E-01 
3.000E-01 9.329E-04 1.132E-01 4.487E-04 0.000E+00 0.000E+00 1.146E-01 1.137E-01 
4.000E-01 5.279E-04 1.016E-01 1.956E-04 0.000E+00 0.000E+00 1.023E-01 1.018E-01 
5.000E-01 3.388E-04 9.281E-02 1.065E-04 0.000E+00 0.000E+00 9.326E-02 9.292E-02 
6.000E-01 2.356E-04 8.587E-02 6.672E-05 0.000E+00 0.000E+00 8.618E-02 8.594E-02 
8.000E-01 1.328E-04 7.547E-02 3.385E-05 0.000E+00 0.000E+00 7.563E-02 7.550E-02 
1.000E+00 8.503E-05 6.787E-02 2.105E-05 0.000E+00 0.000E+00 6.798E-02 6.789E-02 
1.022E+00 8.142E-05 6.716E-02 1.989E-05 0.000E+00 0.000E+00 6.726E-02 6.718E-02 
1.250E+00 5.445E-05 6.070E-02 1.347E-05 2.170E-05 0.000E+00 6.079E-02 6.073E-02 
1.500E+00 3.782E-05 5.517E-02 9.738E-06 1.182E-04 0.000E+00 5.533E-02 5.530E-02 
2.000E+00 2.128E-05 4.708E-02 6.049E-06 4.674E-04 0.000E+00 4.758E-02 4.756E-02 
2.044E+00 2.037E-05 4.649E-02 5.847E-06 5.037E-04 0.000E+00 4.702E-02 4.700E-02 
3.000E+00 9.459E-06 3.704E-02 3.321E-06 1.329E-03 1.296E-05 3.839E-02 3.838E-02 
4.000E+00 5.322E-06 3.090E-02 2.253E-06 2.149E-03 5.291E-05 3.311E-02 3.310E-02 
5.000E+00 3.405E-06 2.668E-02 1.695E-06 2.879E-03 1.054E-04 2.967E-02 2.967E-02 
6.000E+00 2.365E-06 2.358E-02 1.355E-06 3.534E-03 1.619E-04 2.728E-02 2.728E-02 
