Density

1.30

Photon    Coherent Incoher. Photoel. Nuclear  Electron Tot. w/  Tot. wo/ 
Energy    Scatter. Scatter. Absorb.  Pr. Prd. Pr. Prd. Coherent Coherent 

1.000E-03 1.566E+00 1.352E-02 3.459E+03 0.000E+00 0.000E+00 3.461E+03 3.459E+03 
1.035E-03 1.555E+00 1.434E-02 3.152E+03 0.000E+00 0.000E+00 3.154E+03 3.152E+03 
1.072E-03 1.545E+00 1.522E-02 2.872E+03 0.000E+00 0.000E+00 2.874E+03 2.872E+03 
1.072E-03 1.545E+00 1.522E-02 2.878E+03 0.000E+00 0.000E+00 2.879E+03 2.878E+03 
1.183E-03 1.515E+00 1.796E-02 2.212E+03 0.000E+00 0.000E+00 2.214E+03 2.212E+03 
1.305E-03 1.483E+00 2.114E-02 1.698E+03 0.000E+00 0.000E+00 1.700E+03 1.698E+03 
1.305E-03 1.483E+00 2.114E-02 1.703E+03 0.000E+00 0.000E+00 1.705E+03 1.703E+03 
1.500E-03 1.429E+00 2.646E-02 1.167E+03 0.000E+00 0.000E+00 1.169E+03 1.167E+03 
2.000E-03 1.284E+00 4.045E-02 5.234E+02 0.000E+00 0.000E+00 5.247E+02 5.235E+02 
2.145E-03 1.242E+00 4.451E-02 4.289E+02 0.000E+00 0.000E+00 4.302E+02 4.289E+02 
2.145E-03 1.242E+00 4.451E-02 5.356E+02 0.000E+00 0.000E+00 5.369E+02 5.357E+02 
2.303E-03 1.197E+00 4.883E-02 4.415E+02 0.000E+00 0.000E+00 4.428E+02 4.416E+02 
2.472E-03 1.151E+00 5.339E-02 3.637E+02 0.000E+00 0.000E+00 3.649E+02 3.637E+02 
2.472E-03 1.151E+00 5.339E-02 3.692E+02 0.000E+00 0.000E+00 3.704E+02 3.693E+02 
2.641E-03 1.106E+00 5.784E-02 3.078E+02 0.000E+00 0.000E+00 3.090E+02 3.079E+02 
2.822E-03 1.059E+00 6.245E-02 2.563E+02 0.000E+00 0.000E+00 2.574E+02 2.564E+02 
2.822E-03 1.059E+00 6.245E-02 2.578E+02 0.000E+00 0.000E+00 2.589E+02 2.578E+02 
3.000E-03 1.016E+00 6.680E-02 2.176E+02 0.000E+00 0.000E+00 2.187E+02 2.176E+02 
3.607E-03 8.804E-01 8.038E-02 1.289E+02 0.000E+00 0.000E+00 1.299E+02 1.290E+02 
3.607E-03 8.804E-01 8.038E-02 1.300E+02 0.000E+00 0.000E+00 1.310E+02 1.301E+02 
4.000E-03 8.040E-01 8.807E-02 9.658E+01 0.000E+00 0.000E+00 9.748E+01 9.667E+01 
4.038E-03 7.970E-01 8.877E-02 9.398E+01 0.000E+00 0.000E+00 9.487E+01 9.407E+01 
4.038E-03 7.970E-01 8.877E-02 1.826E+02 0.000E+00 0.000E+00 1.835E+02 1.827E+02 
5.000E-03 6.477E-01 1.042E-01 1.032E+02 0.000E+00 0.000E+00 1.039E+02 1.033E+02 
6.000E-03 5.340E-01 1.164E-01 6.224E+01 0.000E+00 0.000E+00 6.289E+01 6.236E+01 
8.000E-03 3.863E-01 1.330E-01 2.770E+01 0.000E+00 0.000E+00 2.822E+01 2.783E+01 
1.000E-02 2.972E-01 1.437E-01 1.459E+01 0.000E+00 0.000E+00 1.503E+01 1.473E+01 
1.500E-02 1.781E-01 1.594E-01 4.432E+00 0.000E+00 0.000E+00 4.769E+00 4.591E+00 
2.000E-02 1.186E-01 1.676E-01 1.870E+00 0.000E+00 0.000E+00 2.156E+00 2.037E+00 
3.000E-02 6.307E-02 1.739E-01 5.419E-01 0.000E+00 0.000E+00 7.789E-01 7.158E-01 
4.000E-02 3.912E-02 1.743E-01 2.221E-01 0.000E+00 0.000E+00 4.355E-01 3.964E-01 
5.000E-02 2.666E-02 1.723E-01 1.105E-01 0.000E+00 0.000E+00 3.095E-01 2.828E-01 
6.000E-02 1.932E-02 1.694E-01 6.223E-02 0.000E+00 0.000E+00 2.510E-01 2.316E-01 
8.000E-02 1.145E-02 1.628E-01 2.503E-02 0.000E+00 0.000E+00 1.992E-01 1.878E-01 
1.000E-01 7.551E-03 1.561E-01 1.233E-02 0.000E+00 0.000E+00 1.760E-01 1.685E-01 
1.500E-01 3.482E-03 1.417E-01 3.412E-03 0.000E+00 0.000E+00 1.486E-01 1.451E-01 
2.000E-01 1.991E-03 1.303E-01 1.386E-03 0.000E+00 0.000E+00 1.336E-01 1.316E-01 
3.000E-01 8.976E-04 1.136E-01 4.036E-04 0.000E+00 0.000E+00 1.149E-01 1.140E-01 
4.000E-01 5.077E-04 1.019E-01 1.758E-04 0.000E+00 0.000E+00 1.025E-01 1.020E-01 
5.000E-01 3.258E-04 9.309E-02 9.570E-05 0.000E+00 0.000E+00 9.351E-02 9.318E-02 
6.000E-01 2.266E-04 8.613E-02 5.994E-05 0.000E+00 0.000E+00 8.641E-02 8.619E-02 
8.000E-01 1.277E-04 7.569E-02 3.041E-05 0.000E+00 0.000E+00 7.585E-02 7.572E-02 
1.000E+00 8.176E-05 6.807E-02 1.890E-05 0.000E+00 0.000E+00 6.817E-02 6.809E-02 
1.022E+00 7.829E-05 6.736E-02 1.785E-05 0.000E+00 0.000E+00 6.746E-02 6.738E-02 
1.250E+00 5.236E-05 6.087E-02 1.209E-05 2.125E-05 0.000E+00 6.096E-02 6.091E-02 
1.500E+00 3.636E-05 5.533E-02 8.745E-06 1.159E-04 0.000E+00 5.549E-02 5.545E-02 
2.000E+00 2.046E-05 4.722E-02 5.435E-06 4.587E-04 0.000E+00 4.770E-02 4.768E-02 
2.044E+00 1.959E-05 4.663E-02 5.253E-06 4.943E-04 0.000E+00 4.715E-02 4.713E-02 
3.000E+00 9.095E-06 3.715E-02 2.985E-06 1.305E-03 1.300E-05 3.848E-02 3.847E-02 
4.000E+00 5.117E-06 3.099E-02 2.026E-06 2.111E-03 5.307E-05 3.316E-02 3.315E-02 
5.000E+00 3.274E-06 2.676E-02 1.525E-06 2.829E-03 1.057E-04 2.970E-02 2.970E-02 
6.000E+00 2.274E-06 2.365E-02 1.220E-06 3.473E-03 1.624E-04 2.729E-02 2.729E-02 
