Density

1.36

Photon    Coherent Incoher. Photoel. Nuclear  Electron Tot. w/  Tot. wo/ 
Energy    Scatter. Scatter. Absorb.  Pr. Prd. Pr. Prd. Coherent Coherent 

1.000E-03 1.600E+00 1.396E-02 3.232E+03 0.000E+00 0.000E+00 3.234E+03 3.232E+03 
1.035E-03 1.589E+00 1.480E-02 2.944E+03 0.000E+00 0.000E+00 2.946E+03 2.944E+03 
1.072E-03 1.578E+00 1.569E-02 2.682E+03 0.000E+00 0.000E+00 2.683E+03 2.682E+03 
1.072E-03 1.578E+00 1.569E-02 2.688E+03 0.000E+00 0.000E+00 2.689E+03 2.688E+03 
1.183E-03 1.546E+00 1.847E-02 2.065E+03 0.000E+00 0.000E+00 2.066E+03 2.065E+03 
1.305E-03 1.511E+00 2.169E-02 1.584E+03 0.000E+00 0.000E+00 1.586E+03 1.584E+03 
1.305E-03 1.511E+00 2.169E-02 1.589E+03 0.000E+00 0.000E+00 1.591E+03 1.589E+03 
1.500E-03 1.455E+00 2.705E-02 1.088E+03 0.000E+00 0.000E+00 1.090E+03 1.088E+03 
2.000E-03 1.303E+00 4.104E-02 4.879E+02 0.000E+00 0.000E+00 4.893E+02 4.880E+02 
2.145E-03 1.260E+00 4.507E-02 3.998E+02 0.000E+00 0.000E+00 4.011E+02 3.998E+02 
2.145E-03 1.260E+00 4.507E-02 5.310E+02 0.000E+00 0.000E+00 5.323E+02 5.310E+02 
2.303E-03 1.214E+00 4.937E-02 4.386E+02 0.000E+00 0.000E+00 4.399E+02 4.386E+02 
2.472E-03 1.167E+00 5.389E-02 3.620E+02 0.000E+00 0.000E+00 3.633E+02 3.621E+02 
2.472E-03 1.167E+00 5.389E-02 3.658E+02 0.000E+00 0.000E+00 3.670E+02 3.658E+02 
3.000E-03 1.030E+00 6.713E-02 2.153E+02 0.000E+00 0.000E+00 2.164E+02 2.154E+02 
4.000E-03 8.181E-01 8.801E-02 9.525E+01 0.000E+00 0.000E+00 9.616E+01 9.534E+01 
4.038E-03 8.111E-01 8.870E-02 9.270E+01 0.000E+00 0.000E+00 9.360E+01 9.279E+01 
4.038E-03 8.111E-01 8.870E-02 2.085E+02 0.000E+00 0.000E+00 2.094E+02 2.086E+02 
5.000E-03 6.624E-01 1.037E-01 1.187E+02 0.000E+00 0.000E+00 1.195E+02 1.188E+02 
6.000E-03 5.491E-01 1.156E-01 7.200E+01 0.000E+00 0.000E+00 7.267E+01 7.212E+01 
8.000E-03 4.012E-01 1.317E-01 3.229E+01 0.000E+00 0.000E+00 3.282E+01 3.242E+01 
1.000E-02 3.111E-01 1.423E-01 1.709E+01 0.000E+00 0.000E+00 1.754E+01 1.723E+01 
1.500E-02 1.880E-01 1.581E-01 5.232E+00 0.000E+00 0.000E+00 5.578E+00 5.390E+00 
2.000E-02 1.253E-01 1.665E-01 2.218E+00 0.000E+00 0.000E+00 2.510E+00 2.385E+00 
3.000E-02 6.662E-02 1.729E-01 6.466E-01 0.000E+00 0.000E+00 8.861E-01 8.195E-01 
4.000E-02 4.142E-02 1.733E-01 2.659E-01 0.000E+00 0.000E+00 4.807E-01 4.392E-01 
5.000E-02 2.829E-02 1.714E-01 1.326E-01 0.000E+00 0.000E+00 3.323E-01 3.040E-01 
6.000E-02 2.054E-02 1.685E-01 7.482E-02 0.000E+00 0.000E+00 2.639E-01 2.433E-01 
8.000E-02 1.220E-02 1.620E-01 3.017E-02 0.000E+00 0.000E+00 2.043E-01 1.921E-01 
1.000E-01 8.050E-03 1.554E-01 1.488E-02 0.000E+00 0.000E+00 1.783E-01 1.703E-01 
1.500E-01 3.719E-03 1.411E-01 4.130E-03 0.000E+00 0.000E+00 1.489E-01 1.452E-01 
2.000E-01 2.129E-03 1.297E-01 1.680E-03 0.000E+00 0.000E+00 1.335E-01 1.314E-01 
3.000E-01 9.608E-04 1.131E-01 4.902E-04 0.000E+00 0.000E+00 1.145E-01 1.136E-01 
4.000E-01 5.438E-04 1.014E-01 2.137E-04 0.000E+00 0.000E+00 1.022E-01 1.017E-01 
5.000E-01 3.491E-04 9.270E-02 1.164E-04 0.000E+00 0.000E+00 9.317E-02 9.282E-02 
6.000E-01 2.428E-04 8.577E-02 7.292E-05 0.000E+00 0.000E+00 8.609E-02 8.585E-02 
8.000E-01 1.368E-04 7.538E-02 3.701E-05 0.000E+00 0.000E+00 7.555E-02 7.541E-02 
1.000E+00 8.762E-05 6.779E-02 2.300E-05 0.000E+00 0.000E+00 6.790E-02 6.781E-02 
1.022E+00 8.391E-05 6.708E-02 2.174E-05 0.000E+00 0.000E+00 6.719E-02 6.711E-02 
1.250E+00 5.611E-05 6.062E-02 1.473E-05 2.197E-05 0.000E+00 6.072E-02 6.066E-02 
1.500E+00 3.897E-05 5.510E-02 1.065E-05 1.195E-04 0.000E+00 5.527E-02 5.523E-02 
2.000E+00 2.193E-05 4.703E-02 6.612E-06 4.722E-04 0.000E+00 4.753E-02 4.750E-02 
2.044E+00 2.100E-05 4.644E-02 6.390E-06 5.089E-04 0.000E+00 4.698E-02 4.695E-02 
3.000E+00 9.749E-06 3.700E-02 3.629E-06 1.342E-03 1.294E-05 3.836E-02 3.835E-02 
4.000E+00 5.485E-06 3.086E-02 2.461E-06 2.170E-03 5.285E-05 3.309E-02 3.309E-02 
5.000E+00 3.510E-06 2.665E-02 1.852E-06 2.906E-03 1.053E-04 2.967E-02 2.966E-02 
6.000E+00 2.437E-06 2.356E-02 1.480E-06 3.567E-03 1.617E-04 2.729E-02 2.729E-02 
