Density

1.42

Photon    Coherent Incoher. Photoel. Nuclear  Electron Tot. w/  Tot. wo/ 
Energy    Scatter. Scatter. Absorb.  Pr. Prd. Pr. Prd. Coherent Coherent 

1.000E-03 1.660E+00 1.370E-02 3.321E+03 0.000E+00 0.000E+00 3.323E+03 3.321E+03 
1.035E-03 1.648E+00 1.451E-02 3.026E+03 0.000E+00 0.000E+00 3.027E+03 3.026E+03 
1.072E-03 1.637E+00 1.538E-02 2.757E+03 0.000E+00 0.000E+00 2.758E+03 2.757E+03 
1.072E-03 1.637E+00 1.538E-02 2.763E+03 0.000E+00 0.000E+00 2.764E+03 2.763E+03 
1.183E-03 1.604E+00 1.809E-02 2.123E+03 0.000E+00 0.000E+00 2.125E+03 2.123E+03 
1.305E-03 1.568E+00 2.123E-02 1.630E+03 0.000E+00 0.000E+00 1.632E+03 1.630E+03 
1.305E-03 1.568E+00 2.123E-02 1.635E+03 0.000E+00 0.000E+00 1.637E+03 1.635E+03 
1.500E-03 1.510E+00 2.644E-02 1.121E+03 0.000E+00 0.000E+00 1.122E+03 1.121E+03 
2.000E-03 1.355E+00 4.005E-02 5.034E+02 0.000E+00 0.000E+00 5.048E+02 5.034E+02 
2.145E-03 1.311E+00 4.398E-02 4.126E+02 0.000E+00 0.000E+00 4.140E+02 4.126E+02 
2.145E-03 1.311E+00 4.398E-02 5.594E+02 0.000E+00 0.000E+00 5.607E+02 5.594E+02 
2.303E-03 1.264E+00 4.817E-02 4.625E+02 0.000E+00 0.000E+00 4.638E+02 4.625E+02 
2.472E-03 1.215E+00 5.257E-02 3.821E+02 0.000E+00 0.000E+00 3.834E+02 3.822E+02 
2.472E-03 1.215E+00 5.257E-02 3.858E+02 0.000E+00 0.000E+00 3.871E+02 3.859E+02 
3.000E-03 1.075E+00 6.553E-02 2.277E+02 0.000E+00 0.000E+00 2.288E+02 2.277E+02 
4.000E-03 8.561E-01 8.604E-02 1.010E+02 0.000E+00 0.000E+00 1.019E+02 1.011E+02 
4.038E-03 8.489E-01 8.672E-02 9.828E+01 0.000E+00 0.000E+00 9.922E+01 9.837E+01 
4.038E-03 8.489E-01 8.672E-02 2.277E+02 0.000E+00 0.000E+00 2.286E+02 2.277E+02 
5.000E-03 6.948E-01 1.016E-01 1.299E+02 0.000E+00 0.000E+00 1.307E+02 1.300E+02 
6.000E-03 5.769E-01 1.134E-01 7.887E+01 0.000E+00 0.000E+00 7.956E+01 7.898E+01 
8.000E-03 4.224E-01 1.295E-01 3.543E+01 0.000E+00 0.000E+00 3.598E+01 3.556E+01 
1.000E-02 3.278E-01 1.402E-01 1.877E+01 0.000E+00 0.000E+00 1.924E+01 1.891E+01 
1.500E-02 1.983E-01 1.561E-01 5.759E+00 0.000E+00 0.000E+00 6.113E+00 5.915E+00 
2.000E-02 1.322E-01 1.646E-01 2.444E+00 0.000E+00 0.000E+00 2.741E+00 2.609E+00 
3.000E-02 7.039E-02 1.713E-01 7.132E-01 0.000E+00 0.000E+00 9.549E-01 8.845E-01 
4.000E-02 4.381E-02 1.718E-01 2.936E-01 0.000E+00 0.000E+00 5.092E-01 4.654E-01 
5.000E-02 2.995E-02 1.700E-01 1.464E-01 0.000E+00 0.000E+00 3.464E-01 3.164E-01 
6.000E-02 2.176E-02 1.672E-01 8.267E-02 0.000E+00 0.000E+00 2.717E-01 2.499E-01 
8.000E-02 1.293E-02 1.608E-01 3.335E-02 0.000E+00 0.000E+00 2.071E-01 1.942E-01 
1.000E-01 8.542E-03 1.544E-01 1.646E-02 0.000E+00 0.000E+00 1.794E-01 1.708E-01 
1.500E-01 3.950E-03 1.402E-01 4.570E-03 0.000E+00 0.000E+00 1.487E-01 1.447E-01 
2.000E-01 2.262E-03 1.289E-01 1.859E-03 0.000E+00 0.000E+00 1.330E-01 1.308E-01 
3.000E-01 1.021E-03 1.124E-01 5.426E-04 0.000E+00 0.000E+00 1.140E-01 1.130E-01 
4.000E-01 5.783E-04 1.008E-01 2.366E-04 0.000E+00 0.000E+00 1.017E-01 1.011E-01 
5.000E-01 3.712E-04 9.216E-02 1.289E-04 0.000E+00 0.000E+00 9.266E-02 9.229E-02 
6.000E-01 2.582E-04 8.527E-02 8.075E-05 0.000E+00 0.000E+00 8.561E-02 8.536E-02 
8.000E-01 1.455E-04 7.494E-02 4.098E-05 0.000E+00 0.000E+00 7.513E-02 7.498E-02 
1.000E+00 9.319E-05 6.740E-02 2.548E-05 0.000E+00 0.000E+00 6.752E-02 6.743E-02 
1.022E+00 8.925E-05 6.670E-02 2.408E-05 0.000E+00 0.000E+00 6.681E-02 6.672E-02 
1.250E+00 5.968E-05 6.027E-02 1.631E-05 2.285E-05 0.000E+00 6.037E-02 6.031E-02 
1.500E+00 4.145E-05 5.479E-02 1.179E-05 1.241E-04 0.000E+00 5.496E-02 5.492E-02 
2.000E+00 2.332E-05 4.675E-02 7.322E-06 4.902E-04 0.000E+00 4.728E-02 4.725E-02 
2.044E+00 2.233E-05 4.617E-02 7.077E-06 5.283E-04 0.000E+00 4.673E-02 4.671E-02 
3.000E+00 1.037E-05 3.678E-02 4.018E-06 1.392E-03 1.287E-05 3.820E-02 3.819E-02 
4.000E+00 5.834E-06 3.068E-02 2.724E-06 2.251E-03 5.255E-05 3.300E-02 3.299E-02 
5.000E+00 3.733E-06 2.650E-02 2.050E-06 3.014E-03 1.047E-04 2.962E-02 2.962E-02 
6.000E+00 2.592E-06 2.342E-02 1.639E-06 3.699E-03 1.608E-04 2.729E-02 2.728E-02 
