Density

1.75

Photon    Coherent Incoher. Photoel. Nuclear  Electron Tot. w/  Tot. wo/ 
Energy    Scatter. Scatter. Absorb.  Pr. Prd. Pr. Prd. Coherent Coherent 

1.000E-03 1.892E+00 1.277E-02 3.651E+03 0.000E+00 0.000E+00 3.652E+03 3.651E+03 
1.035E-03 1.880E+00 1.351E-02 3.328E+03 0.000E+00 0.000E+00 3.330E+03 3.328E+03 
1.072E-03 1.867E+00 1.429E-02 3.034E+03 0.000E+00 0.000E+00 3.036E+03 3.034E+03 
1.072E-03 1.867E+00 1.429E-02 3.040E+03 0.000E+00 0.000E+00 3.042E+03 3.040E+03 
1.183E-03 1.830E+00 1.675E-02 2.341E+03 0.000E+00 0.000E+00 2.343E+03 2.341E+03 
1.305E-03 1.791E+00 1.958E-02 1.801E+03 0.000E+00 0.000E+00 1.803E+03 1.801E+03 
1.305E-03 1.791E+00 1.958E-02 1.811E+03 0.000E+00 0.000E+00 1.813E+03 1.811E+03 
1.500E-03 1.727E+00 2.427E-02 1.246E+03 0.000E+00 0.000E+00 1.248E+03 1.246E+03 
2.000E-03 1.556E+00 3.649E-02 5.629E+02 0.000E+00 0.000E+00 5.645E+02 5.629E+02 
2.145E-03 1.508E+00 4.004E-02 4.620E+02 0.000E+00 0.000E+00 4.636E+02 4.621E+02 
2.145E-03 1.508E+00 4.004E-02 6.689E+02 0.000E+00 0.000E+00 6.704E+02 6.689E+02 
2.303E-03 1.456E+00 4.383E-02 5.547E+02 0.000E+00 0.000E+00 5.562E+02 5.547E+02 
2.472E-03 1.403E+00 4.783E-02 4.596E+02 0.000E+00 0.000E+00 4.611E+02 4.597E+02 
2.472E-03 1.403E+00 4.783E-02 4.652E+02 0.000E+00 0.000E+00 4.667E+02 4.653E+02 
3.000E-03 1.248E+00 5.969E-02 2.766E+02 0.000E+00 0.000E+00 2.779E+02 2.767E+02 
4.000E-03 1.004E+00 7.884E-02 1.237E+02 0.000E+00 0.000E+00 1.248E+02 1.238E+02 
4.038E-03 9.962E-01 7.948E-02 1.204E+02 0.000E+00 0.000E+00 1.215E+02 1.205E+02 
4.038E-03 9.962E-01 7.948E-02 3.032E+02 0.000E+00 0.000E+00 3.043E+02 3.033E+02 
5.000E-03 8.211E-01 9.377E-02 1.739E+02 0.000E+00 0.000E+00 1.748E+02 1.740E+02 
6.000E-03 6.854E-01 1.053E-01 1.060E+02 0.000E+00 0.000E+00 1.068E+02 1.061E+02 
8.000E-03 5.052E-01 1.215E-01 4.783E+01 0.000E+00 0.000E+00 4.846E+01 4.795E+01 
1.000E-02 3.936E-01 1.323E-01 2.542E+01 0.000E+00 0.000E+00 2.595E+01 2.555E+01 
1.500E-02 2.389E-01 1.487E-01 7.836E+00 0.000E+00 0.000E+00 8.224E+00 7.985E+00 
2.000E-02 1.595E-01 1.577E-01 3.335E+00 0.000E+00 0.000E+00 3.652E+00 3.493E+00 
3.000E-02 8.517E-02 1.652E-01 9.764E-01 0.000E+00 0.000E+00 1.227E+00 1.142E+00 
4.000E-02 5.319E-02 1.664E-01 4.027E-01 0.000E+00 0.000E+00 6.222E-01 5.690E-01 
5.000E-02 3.647E-02 1.651E-01 2.011E-01 0.000E+00 0.000E+00 4.026E-01 3.662E-01 
6.000E-02 2.656E-02 1.627E-01 1.136E-01 0.000E+00 0.000E+00 3.029E-01 2.763E-01 
8.000E-02 1.583E-02 1.568E-01 4.590E-02 0.000E+00 0.000E+00 2.185E-01 2.027E-01 
1.000E-01 1.047E-02 1.507E-01 2.267E-02 0.000E+00 0.000E+00 1.838E-01 1.733E-01 
1.500E-01 4.856E-03 1.371E-01 6.303E-03 0.000E+00 0.000E+00 1.482E-01 1.434E-01 
2.000E-01 2.786E-03 1.261E-01 2.567E-03 0.000E+00 0.000E+00 1.315E-01 1.287E-01 
3.000E-01 1.259E-03 1.101E-01 7.497E-04 0.000E+00 0.000E+00 1.121E-01 1.108E-01 
4.000E-01 7.135E-04 9.875E-02 3.270E-04 0.000E+00 0.000E+00 9.979E-02 9.908E-02 
5.000E-01 4.581E-04 9.026E-02 1.782E-04 0.000E+00 0.000E+00 9.089E-02 9.044E-02 
6.000E-01 3.187E-04 8.352E-02 1.117E-04 0.000E+00 0.000E+00 8.395E-02 8.363E-02 
8.000E-01 1.796E-04 7.341E-02 5.667E-05 0.000E+00 0.000E+00 7.364E-02 7.346E-02 
1.000E+00 1.151E-04 6.602E-02 3.523E-05 0.000E+00 0.000E+00 6.618E-02 6.606E-02 
1.022E+00 1.102E-04 6.533E-02 3.332E-05 0.000E+00 0.000E+00 6.548E-02 6.537E-02 
1.250E+00 7.369E-05 5.905E-02 2.256E-05 2.631E-05 0.000E+00 5.917E-02 5.909E-02 
1.500E+00 5.118E-05 5.367E-02 1.631E-05 1.422E-04 0.000E+00 5.388E-02 5.383E-02 
2.000E+00 2.880E-05 4.580E-02 1.013E-05 5.606E-04 0.000E+00 4.640E-02 4.637E-02 
2.044E+00 2.757E-05 4.523E-02 9.786E-06 6.041E-04 0.000E+00 4.587E-02 4.584E-02 
3.000E+00 1.280E-05 3.603E-02 5.553E-06 1.589E-03 1.261E-05 3.765E-02 3.764E-02 
4.000E+00 7.204E-06 3.006E-02 3.765E-06 2.566E-03 5.148E-05 3.269E-02 3.268E-02 
5.000E+00 4.610E-06 2.596E-02 2.832E-06 3.435E-03 1.026E-04 2.950E-02 2.950E-02 
6.000E+00 3.201E-06 2.295E-02 2.264E-06 4.214E-03 1.575E-04 2.732E-02 2.732E-02 
