Density

1.43

Photon    Coherent Incoher. Photoel. Nuclear  Electron Tot. w/  Tot. wo/ 
Energy    Scatter. Scatter. Absorb.  Pr. Prd. Pr. Prd. Coherent Coherent 

1.000E-03 1.663E+00 1.370E-02 3.326E+03 0.000E+00 0.000E+00 3.328E+03 3.326E+03 
1.035E-03 1.651E+00 1.451E-02 3.030E+03 0.000E+00 0.000E+00 3.032E+03 3.030E+03 
1.072E-03 1.640E+00 1.537E-02 2.761E+03 0.000E+00 0.000E+00 2.763E+03 2.761E+03 
1.072E-03 1.640E+00 1.537E-02 2.767E+03 0.000E+00 0.000E+00 2.768E+03 2.767E+03 
1.183E-03 1.607E+00 1.808E-02 2.127E+03 0.000E+00 0.000E+00 2.128E+03 2.127E+03 
1.305E-03 1.571E+00 2.122E-02 1.633E+03 0.000E+00 0.000E+00 1.634E+03 1.633E+03 
1.305E-03 1.571E+00 2.122E-02 1.638E+03 0.000E+00 0.000E+00 1.639E+03 1.638E+03 
1.500E-03 1.513E+00 2.643E-02 1.123E+03 0.000E+00 0.000E+00 1.124E+03 1.123E+03 
2.000E-03 1.358E+00 4.004E-02 5.042E+02 0.000E+00 0.000E+00 5.056E+02 5.043E+02 
2.145E-03 1.313E+00 4.396E-02 4.133E+02 0.000E+00 0.000E+00 4.147E+02 4.134E+02 
2.145E-03 1.313E+00 4.396E-02 5.601E+02 0.000E+00 0.000E+00 5.615E+02 5.602E+02 
2.303E-03 1.266E+00 4.815E-02 4.631E+02 0.000E+00 0.000E+00 4.644E+02 4.631E+02 
2.472E-03 1.217E+00 5.255E-02 3.826E+02 0.000E+00 0.000E+00 3.839E+02 3.827E+02 
2.472E-03 1.217E+00 5.255E-02 3.863E+02 0.000E+00 0.000E+00 3.876E+02 3.864E+02 
3.000E-03 1.077E+00 6.549E-02 2.280E+02 0.000E+00 0.000E+00 2.291E+02 2.280E+02 
4.000E-03 8.580E-01 8.600E-02 1.011E+02 0.000E+00 0.000E+00 1.021E+02 1.012E+02 
4.038E-03 8.508E-01 8.668E-02 9.842E+01 0.000E+00 0.000E+00 9.936E+01 9.850E+01 
4.038E-03 8.508E-01 8.668E-02 2.287E+02 0.000E+00 0.000E+00 2.296E+02 2.288E+02 
5.000E-03 6.964E-01 1.016E-01 1.305E+02 0.000E+00 0.000E+00 1.313E+02 1.306E+02 
6.000E-03 5.783E-01 1.133E-01 7.925E+01 0.000E+00 0.000E+00 7.994E+01 7.936E+01 
8.000E-03 4.234E-01 1.295E-01 3.561E+01 0.000E+00 0.000E+00 3.616E+01 3.573E+01 
1.000E-02 3.287E-01 1.401E-01 1.887E+01 0.000E+00 0.000E+00 1.933E+01 1.901E+01 
1.500E-02 1.989E-01 1.560E-01 5.788E+00 0.000E+00 0.000E+00 6.143E+00 5.944E+00 
2.000E-02 1.326E-01 1.646E-01 2.457E+00 0.000E+00 0.000E+00 2.754E+00 2.621E+00 
3.000E-02 7.058E-02 1.712E-01 7.170E-01 0.000E+00 0.000E+00 9.588E-01 8.883E-01 
4.000E-02 4.393E-02 1.718E-01 2.952E-01 0.000E+00 0.000E+00 5.109E-01 4.669E-01 
5.000E-02 3.003E-02 1.700E-01 1.472E-01 0.000E+00 0.000E+00 3.473E-01 3.172E-01 
6.000E-02 2.182E-02 1.672E-01 8.312E-02 0.000E+00 0.000E+00 2.722E-01 2.503E-01 
8.000E-02 1.297E-02 1.608E-01 3.353E-02 0.000E+00 0.000E+00 2.073E-01 1.943E-01 
1.000E-01 8.567E-03 1.543E-01 1.655E-02 0.000E+00 0.000E+00 1.795E-01 1.709E-01 
1.500E-01 3.962E-03 1.402E-01 4.595E-03 0.000E+00 0.000E+00 1.487E-01 1.448E-01 
2.000E-01 2.269E-03 1.289E-01 1.870E-03 0.000E+00 0.000E+00 1.330E-01 1.308E-01 
3.000E-01 1.025E-03 1.124E-01 5.456E-04 0.000E+00 0.000E+00 1.140E-01 1.130E-01 
4.000E-01 5.801E-04 1.008E-01 2.379E-04 0.000E+00 0.000E+00 1.017E-01 1.011E-01 
5.000E-01 3.724E-04 9.216E-02 1.296E-04 0.000E+00 0.000E+00 9.266E-02 9.229E-02 
6.000E-01 2.590E-04 8.527E-02 8.121E-05 0.000E+00 0.000E+00 8.561E-02 8.536E-02 
8.000E-01 1.459E-04 7.494E-02 4.121E-05 0.000E+00 0.000E+00 7.513E-02 7.498E-02 
1.000E+00 9.348E-05 6.740E-02 2.562E-05 0.000E+00 0.000E+00 6.752E-02 6.743E-02 
1.022E+00 8.952E-05 6.670E-02 2.422E-05 0.000E+00 0.000E+00 6.681E-02 6.672E-02 
1.250E+00 5.986E-05 6.027E-02 1.640E-05 2.290E-05 0.000E+00 6.037E-02 6.031E-02 
1.500E+00 4.158E-05 5.479E-02 1.186E-05 1.243E-04 0.000E+00 5.496E-02 5.492E-02 
2.000E+00 2.340E-05 4.675E-02 7.363E-06 4.911E-04 0.000E+00 4.728E-02 4.725E-02 
2.044E+00 2.240E-05 4.617E-02 7.116E-06 5.293E-04 0.000E+00 4.673E-02 4.671E-02 
3.000E+00 1.040E-05 3.678E-02 4.040E-06 1.395E-03 1.287E-05 3.820E-02 3.819E-02 
4.000E+00 5.852E-06 3.068E-02 2.740E-06 2.255E-03 5.255E-05 3.300E-02 3.299E-02 
5.000E+00 3.745E-06 2.650E-02 2.062E-06 3.019E-03 1.047E-04 2.963E-02 2.962E-02 
6.000E+00 2.600E-06 2.342E-02 1.648E-06 3.706E-03 1.608E-04 2.729E-02 2.729E-02 
