Density 1.33

Photon    Coherent Incoher. Photoel. Nuclear  Electron Tot. w/  Tot. wo/ 
Energy    Scatter. Scatter. Absorb.  Pr. Prd. Pr. Prd. Coherent Coherent 

1.000E-03 1.576E+00 1.405E-02 3.200E+03 0.000E+00 0.000E+00 3.201E+03 3.200E+03 
1.035E-03 1.565E+00 1.490E-02 2.914E+03 0.000E+00 0.000E+00 2.916E+03 2.914E+03 
1.072E-03 1.554E+00 1.579E-02 2.655E+03 0.000E+00 0.000E+00 2.656E+03 2.655E+03 
1.072E-03 1.554E+00 1.579E-02 2.660E+03 0.000E+00 0.000E+00 2.662E+03 2.660E+03 
1.183E-03 1.523E+00 1.860E-02 2.043E+03 0.000E+00 0.000E+00 2.045E+03 2.043E+03 
1.305E-03 1.489E+00 2.185E-02 1.567E+03 0.000E+00 0.000E+00 1.569E+03 1.567E+03 
1.305E-03 1.489E+00 2.185E-02 1.572E+03 0.000E+00 0.000E+00 1.574E+03 1.572E+03 
1.500E-03 1.433E+00 2.725E-02 1.077E+03 0.000E+00 0.000E+00 1.078E+03 1.077E+03 
2.000E-03 1.283E+00 4.139E-02 4.822E+02 0.000E+00 0.000E+00 4.835E+02 4.823E+02 
2.145E-03 1.240E+00 4.545E-02 3.950E+02 0.000E+00 0.000E+00 3.963E+02 3.951E+02 
2.145E-03 1.240E+00 4.545E-02 5.196E+02 0.000E+00 0.000E+00 5.209E+02 5.196E+02 
2.303E-03 1.195E+00 4.979E-02 4.290E+02 0.000E+00 0.000E+00 4.302E+02 4.290E+02 
2.472E-03 1.148E+00 5.435E-02 3.539E+02 0.000E+00 0.000E+00 3.552E+02 3.540E+02 
2.472E-03 1.148E+00 5.435E-02 3.577E+02 0.000E+00 0.000E+00 3.589E+02 3.577E+02 
3.000E-03 1.012E+00 6.770E-02 2.103E+02 0.000E+00 0.000E+00 2.114E+02 2.104E+02 
4.000E-03 8.031E-01 8.871E-02 9.293E+01 0.000E+00 0.000E+00 9.382E+01 9.301E+01 
4.038E-03 7.962E-01 8.940E-02 9.043E+01 0.000E+00 0.000E+00 9.132E+01 9.052E+01 
4.038E-03 7.962E-01 8.940E-02 2.008E+02 0.000E+00 0.000E+00 2.017E+02 2.009E+02 
5.000E-03 6.497E-01 1.045E-01 1.142E+02 0.000E+00 0.000E+00 1.150E+02 1.143E+02 
6.000E-03 5.381E-01 1.163E-01 6.924E+01 0.000E+00 0.000E+00 6.990E+01 6.936E+01 
8.000E-03 3.928E-01 1.325E-01 3.102E+01 0.000E+00 0.000E+00 3.155E+01 3.116E+01 
1.000E-02 3.044E-01 1.431E-01 1.641E+01 0.000E+00 0.000E+00 1.686E+01 1.655E+01 
1.500E-02 1.839E-01 1.588E-01 5.021E+00 0.000E+00 0.000E+00 5.363E+00 5.179E+00 
2.000E-02 1.225E-01 1.672E-01 2.127E+00 0.000E+00 0.000E+00 2.417E+00 2.295E+00 
3.000E-02 6.512E-02 1.735E-01 6.198E-01 0.000E+00 0.000E+00 8.584E-01 7.933E-01 
4.000E-02 4.046E-02 1.738E-01 2.548E-01 0.000E+00 0.000E+00 4.691E-01 4.287E-01 
5.000E-02 2.762E-02 1.719E-01 1.270E-01 0.000E+00 0.000E+00 3.265E-01 2.989E-01 
6.000E-02 2.005E-02 1.690E-01 7.167E-02 0.000E+00 0.000E+00 2.607E-01 2.406E-01 
8.000E-02 1.190E-02 1.623E-01 2.889E-02 0.000E+00 0.000E+00 2.031E-01 1.912E-01 
1.000E-01 7.854E-03 1.557E-01 1.425E-02 0.000E+00 0.000E+00 1.778E-01 1.700E-01 
1.500E-01 3.627E-03 1.414E-01 3.954E-03 0.000E+00 0.000E+00 1.489E-01 1.453E-01 
2.000E-01 2.076E-03 1.300E-01 1.608E-03 0.000E+00 0.000E+00 1.336E-01 1.316E-01 
3.000E-01 9.367E-04 1.133E-01 4.691E-04 0.000E+00 0.000E+00 1.147E-01 1.138E-01 
4.000E-01 5.301E-04 1.016E-01 2.045E-04 0.000E+00 0.000E+00 1.024E-01 1.018E-01 
5.000E-01 3.402E-04 9.288E-02 1.114E-04 0.000E+00 0.000E+00 9.334E-02 9.300E-02 
6.000E-01 2.367E-04 8.594E-02 6.977E-05 0.000E+00 0.000E+00 8.625E-02 8.601E-02 
8.000E-01 1.333E-04 7.552E-02 3.541E-05 0.000E+00 0.000E+00 7.569E-02 7.556E-02 
1.000E+00 8.540E-05 6.792E-02 2.201E-05 0.000E+00 0.000E+00 6.803E-02 6.795E-02 
1.022E+00 8.178E-05 6.722E-02 2.080E-05 0.000E+00 0.000E+00 6.732E-02 6.724E-02 
1.250E+00 5.469E-05 6.074E-02 1.409E-05 2.162E-05 0.000E+00 6.083E-02 6.078E-02 
1.500E+00 3.799E-05 5.521E-02 1.018E-05 1.176E-04 0.000E+00 5.538E-02 5.534E-02 
2.000E+00 2.137E-05 4.712E-02 6.326E-06 4.651E-04 0.000E+00 4.761E-02 4.759E-02 
2.044E+00 2.046E-05 4.653E-02 6.114E-06 5.013E-04 0.000E+00 4.706E-02 4.704E-02 
3.000E+00 9.501E-06 3.707E-02 3.472E-06 1.322E-03 1.297E-05 3.842E-02 3.841E-02 
4.000E+00 5.346E-06 3.092E-02 2.355E-06 2.138E-03 5.295E-05 3.312E-02 3.311E-02 
5.000E+00 3.421E-06 2.670E-02 1.772E-06 2.864E-03 1.055E-04 2.968E-02 2.967E-02 
6.000E+00 2.376E-06 2.360E-02 1.417E-06 3.515E-03 1.620E-04 2.728E-02 2.728E-02 
