Density

1.46

Photon    Coherent Incoher. Photoel. Nuclear  Electron Tot. w/  Tot. wo/ 
Energy    Scatter. Scatter. Absorb.  Pr. Prd. Pr. Prd. Coherent Coherent 

1.000E-03 1.694E+00 1.357E-02 3.369E+03 0.000E+00 0.000E+00 3.371E+03 3.369E+03 
1.035E-03 1.682E+00 1.437E-02 3.070E+03 0.000E+00 0.000E+00 3.072E+03 3.070E+03 
1.072E-03 1.671E+00 1.522E-02 2.797E+03 0.000E+00 0.000E+00 2.799E+03 2.797E+03 
1.072E-03 1.671E+00 1.522E-02 2.803E+03 0.000E+00 0.000E+00 2.805E+03 2.803E+03 
1.183E-03 1.637E+00 1.790E-02 2.155E+03 0.000E+00 0.000E+00 2.157E+03 2.155E+03 
1.305E-03 1.601E+00 2.099E-02 1.655E+03 0.000E+00 0.000E+00 1.657E+03 1.655E+03 
1.305E-03 1.601E+00 2.099E-02 1.660E+03 0.000E+00 0.000E+00 1.662E+03 1.660E+03 
1.500E-03 1.542E+00 2.613E-02 1.139E+03 0.000E+00 0.000E+00 1.140E+03 1.139E+03 
2.000E-03 1.385E+00 3.954E-02 5.118E+02 0.000E+00 0.000E+00 5.132E+02 5.118E+02 
2.145E-03 1.340E+00 4.342E-02 4.196E+02 0.000E+00 0.000E+00 4.210E+02 4.197E+02 
2.145E-03 1.340E+00 4.342E-02 5.753E+02 0.000E+00 0.000E+00 5.767E+02 5.753E+02 
2.303E-03 1.292E+00 4.755E-02 4.759E+02 0.000E+00 0.000E+00 4.772E+02 4.759E+02 
2.472E-03 1.243E+00 5.189E-02 3.934E+02 0.000E+00 0.000E+00 3.947E+02 3.935E+02 
2.472E-03 1.243E+00 5.189E-02 3.971E+02 0.000E+00 0.000E+00 3.984E+02 3.972E+02 
3.000E-03 1.100E+00 6.469E-02 2.346E+02 0.000E+00 0.000E+00 2.358E+02 2.347E+02 
4.000E-03 8.780E-01 8.501E-02 1.042E+02 0.000E+00 0.000E+00 1.052E+02 1.043E+02 
4.038E-03 8.706E-01 8.568E-02 1.014E+02 0.000E+00 0.000E+00 1.024E+02 1.015E+02 
4.038E-03 8.706E-01 8.568E-02 2.389E+02 0.000E+00 0.000E+00 2.399E+02 2.390E+02 
5.000E-03 7.134E-01 1.005E-01 1.365E+02 0.000E+00 0.000E+00 1.373E+02 1.366E+02 
6.000E-03 5.929E-01 1.122E-01 8.292E+01 0.000E+00 0.000E+00 8.363E+01 8.304E+01 
8.000E-03 4.346E-01 1.284E-01 3.729E+01 0.000E+00 0.000E+00 3.785E+01 3.742E+01 
1.000E-02 3.376E-01 1.390E-01 1.977E+01 0.000E+00 0.000E+00 2.025E+01 1.991E+01 
1.500E-02 2.044E-01 1.550E-01 6.070E+00 0.000E+00 0.000E+00 6.430E+00 6.225E+00 
2.000E-02 1.363E-01 1.636E-01 2.578E+00 0.000E+00 0.000E+00 2.878E+00 2.741E+00 
3.000E-02 7.259E-02 1.704E-01 7.528E-01 0.000E+00 0.000E+00 9.957E-01 9.231E-01 
4.000E-02 4.520E-02 1.710E-01 3.100E-01 0.000E+00 0.000E+00 5.262E-01 4.810E-01 
5.000E-02 3.092E-02 1.693E-01 1.547E-01 0.000E+00 0.000E+00 3.549E-01 3.239E-01 
6.000E-02 2.247E-02 1.666E-01 8.732E-02 0.000E+00 0.000E+00 2.764E-01 2.539E-01 
8.000E-02 1.336E-02 1.602E-01 3.523E-02 0.000E+00 0.000E+00 2.088E-01 1.955E-01 
1.000E-01 8.829E-03 1.538E-01 1.739E-02 0.000E+00 0.000E+00 1.800E-01 1.712E-01 
1.500E-01 4.084E-03 1.397E-01 4.830E-03 0.000E+00 0.000E+00 1.486E-01 1.446E-01 
2.000E-01 2.340E-03 1.285E-01 1.966E-03 0.000E+00 0.000E+00 1.328E-01 1.305E-01 
3.000E-01 1.057E-03 1.121E-01 5.738E-04 0.000E+00 0.000E+00 1.137E-01 1.127E-01 
4.000E-01 5.984E-04 1.005E-01 2.502E-04 0.000E+00 0.000E+00 1.014E-01 1.008E-01 
5.000E-01 3.841E-04 9.189E-02 1.363E-04 0.000E+00 0.000E+00 9.241E-02 9.203E-02 
6.000E-01 2.672E-04 8.502E-02 8.540E-05 0.000E+00 0.000E+00 8.538E-02 8.511E-02 
8.000E-01 1.506E-04 7.472E-02 4.334E-05 0.000E+00 0.000E+00 7.491E-02 7.476E-02 
1.000E+00 9.645E-05 6.720E-02 2.694E-05 0.000E+00 0.000E+00 6.733E-02 6.723E-02 
1.022E+00 9.236E-05 6.650E-02 2.547E-05 0.000E+00 0.000E+00 6.662E-02 6.653E-02 
1.250E+00 6.176E-05 6.010E-02 1.725E-05 2.337E-05 0.000E+00 6.020E-02 6.014E-02 
1.500E+00 4.290E-05 5.463E-02 1.247E-05 1.268E-04 0.000E+00 5.481E-02 5.477E-02 
2.000E+00 2.414E-05 4.662E-02 7.744E-06 5.006E-04 0.000E+00 4.715E-02 4.713E-02 
2.044E+00 2.311E-05 4.604E-02 7.484E-06 5.395E-04 0.000E+00 4.661E-02 4.658E-02 
3.000E+00 1.073E-05 3.668E-02 4.249E-06 1.421E-03 1.283E-05 3.812E-02 3.811E-02 
4.000E+00 6.038E-06 3.059E-02 2.881E-06 2.297E-03 5.239E-05 3.295E-02 3.295E-02 
5.000E+00 3.863E-06 2.642E-02 2.168E-06 3.077E-03 1.044E-04 2.961E-02 2.960E-02 
6.000E+00 2.683E-06 2.335E-02 1.733E-06 3.775E-03 1.603E-04 2.729E-02 2.729E-02 
