Density

1.49

Photon    Coherent Incoher. Photoel. Nuclear  Electron Tot. w/  Tot. wo/ 
Energy    Scatter. Scatter. Absorb.  Pr. Prd. Pr. Prd. Coherent Coherent 

1.000E-03 1.717E+00 1.348E-02 3.401E+03 0.000E+00 0.000E+00 3.402E+03 3.401E+03 
1.035E-03 1.705E+00 1.428E-02 3.099E+03 0.000E+00 0.000E+00 3.101E+03 3.099E+03 
1.072E-03 1.694E+00 1.512E-02 2.824E+03 0.000E+00 0.000E+00 2.825E+03 2.824E+03 
1.072E-03 1.694E+00 1.512E-02 2.830E+03 0.000E+00 0.000E+00 2.831E+03 2.830E+03 
1.183E-03 1.660E+00 1.777E-02 2.176E+03 0.000E+00 0.000E+00 2.178E+03 2.176E+03 
1.305E-03 1.623E+00 2.084E-02 1.671E+03 0.000E+00 0.000E+00 1.673E+03 1.671E+03 
1.305E-03 1.623E+00 2.084E-02 1.681E+03 0.000E+00 0.000E+00 1.683E+03 1.681E+03 
1.500E-03 1.564E+00 2.592E-02 1.154E+03 0.000E+00 0.000E+00 1.156E+03 1.154E+03 
2.000E-03 1.405E+00 3.920E-02 5.191E+02 0.000E+00 0.000E+00 5.206E+02 5.192E+02 
2.145E-03 1.359E+00 4.304E-02 4.257E+02 0.000E+00 0.000E+00 4.271E+02 4.258E+02 
2.145E-03 1.359E+00 4.304E-02 5.858E+02 0.000E+00 0.000E+00 5.872E+02 5.859E+02 
2.303E-03 1.311E+00 4.713E-02 4.847E+02 0.000E+00 0.000E+00 4.861E+02 4.848E+02 
2.472E-03 1.261E+00 5.144E-02 4.008E+02 0.000E+00 0.000E+00 4.021E+02 4.009E+02 
2.472E-03 1.261E+00 5.144E-02 4.045E+02 0.000E+00 0.000E+00 4.058E+02 4.046E+02 
3.000E-03 1.118E+00 6.412E-02 2.392E+02 0.000E+00 0.000E+00 2.403E+02 2.392E+02 
4.000E-03 8.928E-01 8.430E-02 1.063E+02 0.000E+00 0.000E+00 1.073E+02 1.064E+02 
4.038E-03 8.853E-01 8.497E-02 1.035E+02 0.000E+00 0.000E+00 1.044E+02 1.036E+02 
4.038E-03 8.853E-01 8.497E-02 2.464E+02 0.000E+00 0.000E+00 2.474E+02 2.465E+02 
5.000E-03 7.261E-01 9.971E-02 1.408E+02 0.000E+00 0.000E+00 1.416E+02 1.409E+02 
6.000E-03 6.037E-01 1.114E-01 8.560E+01 0.000E+00 0.000E+00 8.632E+01 8.572E+01 
8.000E-03 4.428E-01 1.276E-01 3.852E+01 0.000E+00 0.000E+00 3.909E+01 3.864E+01 
1.000E-02 3.441E-01 1.383E-01 2.043E+01 0.000E+00 0.000E+00 2.091E+01 2.057E+01 
1.500E-02 2.084E-01 1.543E-01 6.276E+00 0.000E+00 0.000E+00 6.639E+00 6.430E+00 
2.000E-02 1.390E-01 1.630E-01 2.666E+00 0.000E+00 0.000E+00 2.968E+00 2.829E+00 
3.000E-02 7.405E-02 1.698E-01 7.788E-01 0.000E+00 0.000E+00 1.023E+00 9.486E-01 
4.000E-02 4.613E-02 1.705E-01 3.208E-01 0.000E+00 0.000E+00 5.374E-01 4.913E-01 
5.000E-02 3.156E-02 1.688E-01 1.601E-01 0.000E+00 0.000E+00 3.605E-01 3.289E-01 
6.000E-02 2.295E-02 1.661E-01 9.039E-02 0.000E+00 0.000E+00 2.795E-01 2.565E-01 
8.000E-02 1.365E-02 1.599E-01 3.648E-02 0.000E+00 0.000E+00 2.100E-01 1.963E-01 
1.000E-01 9.020E-03 1.535E-01 1.801E-02 0.000E+00 0.000E+00 1.805E-01 1.715E-01 
1.500E-01 4.174E-03 1.394E-01 5.002E-03 0.000E+00 0.000E+00 1.486E-01 1.444E-01 
2.000E-01 2.392E-03 1.282E-01 2.036E-03 0.000E+00 0.000E+00 1.327E-01 1.303E-01 
3.000E-01 1.080E-03 1.119E-01 5.943E-04 0.000E+00 0.000E+00 1.135E-01 1.125E-01 
4.000E-01 6.118E-04 1.003E-01 2.592E-04 0.000E+00 0.000E+00 1.012E-01 1.006E-01 
5.000E-01 3.927E-04 9.171E-02 1.412E-04 0.000E+00 0.000E+00 9.224E-02 9.185E-02 
6.000E-01 2.732E-04 8.486E-02 8.847E-05 0.000E+00 0.000E+00 8.522E-02 8.495E-02 
8.000E-01 1.540E-04 7.458E-02 4.490E-05 0.000E+00 0.000E+00 7.477E-02 7.462E-02 
1.000E+00 9.861E-05 6.707E-02 2.791E-05 0.000E+00 0.000E+00 6.720E-02 6.710E-02 
1.022E+00 9.443E-05 6.637E-02 2.639E-05 0.000E+00 0.000E+00 6.649E-02 6.640E-02 
1.250E+00 6.315E-05 5.998E-02 1.787E-05 2.371E-05 0.000E+00 6.009E-02 6.002E-02 
1.500E+00 4.386E-05 5.452E-02 1.292E-05 1.286E-04 0.000E+00 5.471E-02 5.466E-02 
2.000E+00 2.468E-05 4.653E-02 8.022E-06 5.076E-04 0.000E+00 4.707E-02 4.704E-02 
2.044E+00 2.363E-05 4.595E-02 7.753E-06 5.470E-04 0.000E+00 4.653E-02 4.650E-02 
3.000E+00 1.097E-05 3.660E-02 4.401E-06 1.441E-03 1.281E-05 3.807E-02 3.806E-02 
4.000E+00 6.173E-06 3.054E-02 2.984E-06 2.329E-03 5.229E-05 3.293E-02 3.292E-02 
5.000E+00 3.950E-06 2.637E-02 2.245E-06 3.118E-03 1.042E-04 2.960E-02 2.959E-02 
6.000E+00 2.743E-06 2.331E-02 1.795E-06 3.826E-03 1.600E-04 2.730E-02 2.730E-02 
