Density

1.39

Photon    Coherent Incoher. Photoel. Nuclear  Electron Tot. w/  Tot. wo/ 
Energy    Scatter. Scatter. Absorb.  Pr. Prd. Pr. Prd. Coherent Coherent 

1.000E-03 1.626E+00 1.388E-02 3.267E+03 0.000E+00 0.000E+00 3.269E+03 3.267E+03 
1.035E-03 1.615E+00 1.471E-02 2.976E+03 0.000E+00 0.000E+00 2.978E+03 2.976E+03 
1.072E-03 1.603E+00 1.558E-02 2.711E+03 0.000E+00 0.000E+00 2.713E+03 2.711E+03 
1.072E-03 1.603E+00 1.558E-02 2.717E+03 0.000E+00 0.000E+00 2.719E+03 2.717E+03 
1.183E-03 1.571E+00 1.834E-02 2.088E+03 0.000E+00 0.000E+00 2.089E+03 2.088E+03 
1.305E-03 1.536E+00 2.153E-02 1.602E+03 0.000E+00 0.000E+00 1.604E+03 1.602E+03 
1.305E-03 1.536E+00 2.153E-02 1.607E+03 0.000E+00 0.000E+00 1.609E+03 1.607E+03 
1.500E-03 1.479E+00 2.683E-02 1.101E+03 0.000E+00 0.000E+00 1.103E+03 1.101E+03 
2.000E-03 1.326E+00 4.069E-02 4.941E+02 0.000E+00 0.000E+00 4.955E+02 4.941E+02 
2.145E-03 1.282E+00 4.468E-02 4.049E+02 0.000E+00 0.000E+00 4.063E+02 4.050E+02 
2.145E-03 1.282E+00 4.468E-02 5.428E+02 0.000E+00 0.000E+00 5.441E+02 5.429E+02 
2.303E-03 1.236E+00 4.894E-02 4.486E+02 0.000E+00 0.000E+00 4.498E+02 4.486E+02 
2.472E-03 1.188E+00 5.341E-02 3.704E+02 0.000E+00 0.000E+00 3.717E+02 3.705E+02 
2.472E-03 1.188E+00 5.341E-02 3.741E+02 0.000E+00 0.000E+00 3.754E+02 3.742E+02 
3.000E-03 1.049E+00 6.655E-02 2.205E+02 0.000E+00 0.000E+00 2.216E+02 2.205E+02 
4.000E-03 8.347E-01 8.728E-02 9.766E+01 0.000E+00 0.000E+00 9.858E+01 9.774E+01 
4.038E-03 8.276E-01 8.797E-02 9.504E+01 0.000E+00 0.000E+00 9.596E+01 9.513E+01 
4.038E-03 8.276E-01 8.797E-02 2.172E+02 0.000E+00 0.000E+00 2.181E+02 2.173E+02 
5.000E-03 6.766E-01 1.029E-01 1.238E+02 0.000E+00 0.000E+00 1.246E+02 1.239E+02 
6.000E-03 5.613E-01 1.147E-01 7.512E+01 0.000E+00 0.000E+00 7.580E+01 7.524E+01 
8.000E-03 4.105E-01 1.309E-01 3.372E+01 0.000E+00 0.000E+00 3.426E+01 3.385E+01 
1.000E-02 3.185E-01 1.415E-01 1.785E+01 0.000E+00 0.000E+00 1.831E+01 1.800E+01 
1.500E-02 1.926E-01 1.573E-01 5.473E+00 0.000E+00 0.000E+00 5.822E+00 5.630E+00 
2.000E-02 1.283E-01 1.658E-01 2.321E+00 0.000E+00 0.000E+00 2.615E+00 2.487E+00 
3.000E-02 6.829E-02 1.723E-01 6.771E-01 0.000E+00 0.000E+00 9.177E-01 8.494E-01 
4.000E-02 4.248E-02 1.728E-01 2.786E-01 0.000E+00 0.000E+00 4.938E-01 4.513E-01 
5.000E-02 2.902E-02 1.709E-01 1.389E-01 0.000E+00 0.000E+00 3.388E-01 3.098E-01 
6.000E-02 2.108E-02 1.681E-01 7.842E-02 0.000E+00 0.000E+00 2.676E-01 2.465E-01 
8.000E-02 1.252E-02 1.616E-01 3.163E-02 0.000E+00 0.000E+00 2.057E-01 1.932E-01 
1.000E-01 8.269E-03 1.550E-01 1.561E-02 0.000E+00 0.000E+00 1.789E-01 1.706E-01 
1.500E-01 3.822E-03 1.408E-01 4.332E-03 0.000E+00 0.000E+00 1.489E-01 1.451E-01 
2.000E-01 2.189E-03 1.294E-01 1.762E-03 0.000E+00 0.000E+00 1.334E-01 1.312E-01 
3.000E-01 9.879E-04 1.129E-01 5.142E-04 0.000E+00 0.000E+00 1.144E-01 1.134E-01 
4.000E-01 5.592E-04 1.012E-01 2.242E-04 0.000E+00 0.000E+00 1.020E-01 1.015E-01 
5.000E-01 3.589E-04 9.252E-02 1.221E-04 0.000E+00 0.000E+00 9.300E-02 9.264E-02 
6.000E-01 2.497E-04 8.560E-02 7.652E-05 0.000E+00 0.000E+00 8.593E-02 8.568E-02 
8.000E-01 1.407E-04 7.523E-02 3.883E-05 0.000E+00 0.000E+00 7.541E-02 7.527E-02 
1.000E+00 9.011E-05 6.766E-02 2.414E-05 0.000E+00 0.000E+00 6.777E-02 6.768E-02 
1.022E+00 8.629E-05 6.695E-02 2.282E-05 0.000E+00 0.000E+00 6.706E-02 6.698E-02 
1.250E+00 5.770E-05 6.051E-02 1.545E-05 2.236E-05 0.000E+00 6.060E-02 6.054E-02 
1.500E+00 4.008E-05 5.500E-02 1.117E-05 1.215E-04 0.000E+00 5.517E-02 5.513E-02 
2.000E+00 2.255E-05 4.693E-02 6.938E-06 4.801E-04 0.000E+00 4.744E-02 4.742E-02 
2.044E+00 2.159E-05 4.635E-02 6.705E-06 5.174E-04 0.000E+00 4.689E-02 4.687E-02 
3.000E+00 1.003E-05 3.692E-02 3.807E-06 1.364E-03 1.292E-05 3.831E-02 3.830E-02 
4.000E+00 5.641E-06 3.080E-02 2.582E-06 2.205E-03 5.275E-05 3.307E-02 3.306E-02 
5.000E+00 3.609E-06 2.660E-02 1.943E-06 2.954E-03 1.051E-04 2.966E-02 2.966E-02 
6.000E+00 2.507E-06 2.351E-02 1.553E-06 3.625E-03 1.614E-04 2.730E-02 2.730E-02 
