Density

1.41

Photon    Coherent Incoher. Photoel. Nuclear  Electron Tot. w/  Tot. wo/ 
Energy    Scatter. Scatter. Absorb.  Pr. Prd. Pr. Prd. Coherent Coherent 

1.000E-03 1.664E+00 1.335E-02 3.483E+03 0.000E+00 0.000E+00 3.485E+03 3.483E+03 
1.035E-03 1.653E+00 1.415E-02 3.174E+03 0.000E+00 0.000E+00 3.176E+03 3.174E+03 
1.072E-03 1.641E+00 1.500E-02 2.892E+03 0.000E+00 0.000E+00 2.894E+03 2.892E+03 
1.072E-03 1.641E+00 1.500E-02 2.898E+03 0.000E+00 0.000E+00 2.900E+03 2.898E+03 
1.183E-03 1.609E+00 1.766E-02 2.229E+03 0.000E+00 0.000E+00 2.231E+03 2.229E+03 
1.305E-03 1.575E+00 2.075E-02 1.712E+03 0.000E+00 0.000E+00 1.714E+03 1.712E+03 
1.305E-03 1.575E+00 2.075E-02 1.717E+03 0.000E+00 0.000E+00 1.719E+03 1.717E+03 
1.500E-03 1.518E+00 2.588E-02 1.178E+03 0.000E+00 0.000E+00 1.179E+03 1.178E+03 
2.000E-03 1.364E+00 3.936E-02 5.293E+02 0.000E+00 0.000E+00 5.307E+02 5.293E+02 
2.145E-03 1.320E+00 4.326E-02 4.339E+02 0.000E+00 0.000E+00 4.353E+02 4.339E+02 
2.145E-03 1.320E+00 4.326E-02 5.695E+02 0.000E+00 0.000E+00 5.709E+02 5.696E+02 
2.303E-03 1.273E+00 4.742E-02 4.704E+02 0.000E+00 0.000E+00 4.718E+02 4.705E+02 
2.472E-03 1.225E+00 5.181E-02 3.883E+02 0.000E+00 0.000E+00 3.896E+02 3.884E+02 
2.472E-03 1.225E+00 5.181E-02 3.939E+02 0.000E+00 0.000E+00 3.952E+02 3.939E+02 
2.641E-03 1.178E+00 5.610E-02 3.290E+02 0.000E+00 0.000E+00 3.303E+02 3.291E+02 
2.822E-03 1.129E+00 6.054E-02 2.745E+02 0.000E+00 0.000E+00 2.757E+02 2.745E+02 
2.822E-03 1.129E+00 6.054E-02 2.759E+02 0.000E+00 0.000E+00 2.771E+02 2.760E+02 
3.000E-03 1.084E+00 6.475E-02 2.333E+02 0.000E+00 0.000E+00 2.344E+02 2.333E+02 
3.607E-03 9.429E-01 7.788E-02 1.388E+02 0.000E+00 0.000E+00 1.398E+02 1.388E+02 
3.607E-03 9.429E-01 7.788E-02 1.398E+02 0.000E+00 0.000E+00 1.409E+02 1.399E+02 
4.000E-03 8.629E-01 8.535E-02 1.041E+02 0.000E+00 0.000E+00 1.051E+02 1.042E+02 
4.038E-03 8.556E-01 8.603E-02 1.013E+02 0.000E+00 0.000E+00 1.023E+02 1.014E+02 
4.038E-03 8.556E-01 8.603E-02 2.207E+02 0.000E+00 0.000E+00 2.217E+02 2.208E+02 
5.000E-03 6.990E-01 1.011E-01 1.256E+02 0.000E+00 0.000E+00 1.264E+02 1.257E+02 
6.000E-03 5.791E-01 1.130E-01 7.612E+01 0.000E+00 0.000E+00 7.682E+01 7.624E+01 
8.000E-03 4.221E-01 1.294E-01 3.411E+01 0.000E+00 0.000E+00 3.466E+01 3.424E+01 
1.000E-02 3.265E-01 1.401E-01 1.804E+01 0.000E+00 0.000E+00 1.851E+01 1.818E+01 
1.500E-02 1.968E-01 1.560E-01 5.520E+00 0.000E+00 0.000E+00 5.873E+00 5.676E+00 
2.000E-02 1.312E-01 1.645E-01 2.339E+00 0.000E+00 0.000E+00 2.635E+00 2.503E+00 
3.000E-02 6.987E-02 1.712E-01 6.812E-01 0.000E+00 0.000E+00 9.223E-01 8.524E-01 
4.000E-02 4.345E-02 1.718E-01 2.801E-01 0.000E+00 0.000E+00 4.953E-01 4.519E-01 
5.000E-02 2.968E-02 1.700E-01 1.396E-01 0.000E+00 0.000E+00 3.393E-01 3.096E-01 
6.000E-02 2.156E-02 1.673E-01 7.875E-02 0.000E+00 0.000E+00 2.676E-01 2.460E-01 
8.000E-02 1.281E-02 1.609E-01 3.174E-02 0.000E+00 0.000E+00 2.054E-01 1.926E-01 
1.000E-01 8.455E-03 1.544E-01 1.566E-02 0.000E+00 0.000E+00 1.785E-01 1.700E-01 
1.500E-01 3.907E-03 1.402E-01 4.343E-03 0.000E+00 0.000E+00 1.485E-01 1.445E-01 
2.000E-01 2.237E-03 1.289E-01 1.766E-03 0.000E+00 0.000E+00 1.329E-01 1.307E-01 
3.000E-01 1.010E-03 1.124E-01 5.152E-04 0.000E+00 0.000E+00 1.140E-01 1.130E-01 
4.000E-01 5.715E-04 1.009E-01 2.246E-04 0.000E+00 0.000E+00 1.017E-01 1.011E-01 
5.000E-01 3.668E-04 9.218E-02 1.223E-04 0.000E+00 0.000E+00 9.266E-02 9.230E-02 
6.000E-01 2.552E-04 8.529E-02 7.662E-05 0.000E+00 0.000E+00 8.562E-02 8.536E-02 
8.000E-01 1.438E-04 7.495E-02 3.888E-05 0.000E+00 0.000E+00 7.514E-02 7.499E-02 
1.000E+00 9.209E-05 6.741E-02 2.417E-05 0.000E+00 0.000E+00 6.753E-02 6.744E-02 
1.022E+00 8.818E-05 6.671E-02 2.284E-05 0.000E+00 0.000E+00 6.682E-02 6.673E-02 
1.250E+00 5.897E-05 6.028E-02 1.547E-05 2.280E-05 0.000E+00 6.038E-02 6.032E-02 
1.500E+00 4.096E-05 5.479E-02 1.119E-05 1.239E-04 0.000E+00 5.497E-02 5.493E-02 
2.000E+00 2.305E-05 4.676E-02 6.948E-06 4.897E-04 0.000E+00 4.728E-02 4.726E-02 
2.044E+00 2.206E-05 4.618E-02 6.715E-06 5.277E-04 0.000E+00 4.674E-02 4.671E-02 
3.000E+00 1.025E-05 3.679E-02 3.813E-06 1.391E-03 1.287E-05 3.821E-02 3.820E-02 
4.000E+00 5.764E-06 3.069E-02 2.586E-06 2.249E-03 5.255E-05 3.300E-02 3.299E-02 
5.000E+00 3.688E-06 2.650E-02 1.946E-06 3.013E-03 1.047E-04 2.962E-02 2.962E-02 
6.000E+00 2.561E-06 2.342E-02 1.556E-06 3.697E-03 1.608E-04 2.729E-02 2.728E-02 
