Density

1.46

Photon    Coherent Incoher. Photoel. Nuclear  Electron Tot. w/  Tot. wo/ 
Energy    Scatter. Scatter. Absorb.  Pr. Prd. Pr. Prd. Coherent Coherent 

1.000E-03 1.701E+00 1.326E-02 3.515E+03 0.000E+00 0.000E+00 3.517E+03 3.515E+03 
1.035E-03 1.690E+00 1.405E-02 3.203E+03 0.000E+00 0.000E+00 3.205E+03 3.203E+03 
1.072E-03 1.678E+00 1.489E-02 2.919E+03 0.000E+00 0.000E+00 2.921E+03 2.919E+03 
1.072E-03 1.678E+00 1.489E-02 2.925E+03 0.000E+00 0.000E+00 2.927E+03 2.925E+03 
1.183E-03 1.645E+00 1.752E-02 2.250E+03 0.000E+00 0.000E+00 2.252E+03 2.250E+03 
1.305E-03 1.610E+00 2.056E-02 1.729E+03 0.000E+00 0.000E+00 1.731E+03 1.729E+03 
1.305E-03 1.610E+00 2.056E-02 1.734E+03 0.000E+00 0.000E+00 1.736E+03 1.734E+03 
1.500E-03 1.552E+00 2.563E-02 1.190E+03 0.000E+00 0.000E+00 1.191E+03 1.190E+03 
2.000E-03 1.396E+00 3.891E-02 5.352E+02 0.000E+00 0.000E+00 5.366E+02 5.352E+02 
2.145E-03 1.351E+00 4.276E-02 4.389E+02 0.000E+00 0.000E+00 4.403E+02 4.389E+02 
2.145E-03 1.351E+00 4.276E-02 5.856E+02 0.000E+00 0.000E+00 5.870E+02 5.857E+02 
2.303E-03 1.303E+00 4.687E-02 4.841E+02 0.000E+00 0.000E+00 4.854E+02 4.841E+02 
2.472E-03 1.254E+00 5.120E-02 3.999E+02 0.000E+00 0.000E+00 4.012E+02 3.999E+02 
2.472E-03 1.254E+00 5.120E-02 4.054E+02 0.000E+00 0.000E+00 4.067E+02 4.055E+02 
2.641E-03 1.206E+00 5.543E-02 3.389E+02 0.000E+00 0.000E+00 3.401E+02 3.389E+02 
2.822E-03 1.157E+00 5.981E-02 2.829E+02 0.000E+00 0.000E+00 2.841E+02 2.829E+02 
2.822E-03 1.157E+00 5.981E-02 2.843E+02 0.000E+00 0.000E+00 2.855E+02 2.844E+02 
3.000E-03 1.111E+00 6.397E-02 2.405E+02 0.000E+00 0.000E+00 2.416E+02 2.405E+02 
3.607E-03 9.676E-01 7.696E-02 1.432E+02 0.000E+00 0.000E+00 1.443E+02 1.433E+02 
3.607E-03 9.676E-01 7.696E-02 1.443E+02 0.000E+00 0.000E+00 1.453E+02 1.444E+02 
4.000E-03 8.861E-01 8.435E-02 1.075E+02 0.000E+00 0.000E+00 1.085E+02 1.076E+02 
4.038E-03 8.786E-01 8.502E-02 1.046E+02 0.000E+00 0.000E+00 1.056E+02 1.047E+02 
4.038E-03 8.786E-01 8.502E-02 2.340E+02 0.000E+00 0.000E+00 2.350E+02 2.341E+02 
5.000E-03 7.189E-01 9.996E-02 1.333E+02 0.000E+00 0.000E+00 1.341E+02 1.334E+02 
6.000E-03 5.964E-01 1.118E-01 8.091E+01 0.000E+00 0.000E+00 8.162E+01 8.103E+01 
8.000E-03 4.356E-01 1.282E-01 3.631E+01 0.000E+00 0.000E+00 3.688E+01 3.644E+01 
1.000E-02 3.374E-01 1.390E-01 1.923E+01 0.000E+00 0.000E+00 1.970E+01 1.936E+01 
1.500E-02 2.036E-01 1.549E-01 5.891E+00 0.000E+00 0.000E+00 6.250E+00 6.046E+00 
2.000E-02 1.358E-01 1.635E-01 2.498E+00 0.000E+00 0.000E+00 2.798E+00 2.662E+00 
3.000E-02 7.234E-02 1.703E-01 7.285E-01 0.000E+00 0.000E+00 9.712E-01 8.988E-01 
4.000E-02 4.503E-02 1.710E-01 2.997E-01 0.000E+00 0.000E+00 5.157E-01 4.707E-01 
5.000E-02 3.078E-02 1.693E-01 1.494E-01 0.000E+00 0.000E+00 3.495E-01 3.187E-01 
6.000E-02 2.236E-02 1.666E-01 8.434E-02 0.000E+00 0.000E+00 2.733E-01 2.509E-01 
8.000E-02 1.329E-02 1.603E-01 3.401E-02 0.000E+00 0.000E+00 2.076E-01 1.943E-01 
1.000E-01 8.780E-03 1.538E-01 1.678E-02 0.000E+00 0.000E+00 1.794E-01 1.706E-01 
1.500E-01 4.060E-03 1.397E-01 4.657E-03 0.000E+00 0.000E+00 1.485E-01 1.444E-01 
2.000E-01 2.326E-03 1.285E-01 1.894E-03 0.000E+00 0.000E+00 1.327E-01 1.304E-01 
3.000E-01 1.050E-03 1.121E-01 5.527E-04 0.000E+00 0.000E+00 1.137E-01 1.126E-01 
4.000E-01 5.944E-04 1.006E-01 2.410E-04 0.000E+00 0.000E+00 1.014E-01 1.008E-01 
5.000E-01 3.816E-04 9.190E-02 1.312E-04 0.000E+00 0.000E+00 9.241E-02 9.203E-02 
6.000E-01 2.654E-04 8.503E-02 8.223E-05 0.000E+00 0.000E+00 8.538E-02 8.512E-02 
8.000E-01 1.496E-04 7.473E-02 4.173E-05 0.000E+00 0.000E+00 7.492E-02 7.477E-02 
1.000E+00 9.579E-05 6.721E-02 2.594E-05 0.000E+00 0.000E+00 6.734E-02 6.724E-02 
1.022E+00 9.173E-05 6.651E-02 2.452E-05 0.000E+00 0.000E+00 6.663E-02 6.653E-02 
1.250E+00 6.134E-05 6.011E-02 1.661E-05 2.336E-05 0.000E+00 6.021E-02 6.015E-02 
1.500E+00 4.261E-05 5.463E-02 1.200E-05 1.269E-04 0.000E+00 5.481E-02 5.477E-02 
2.000E+00 2.397E-05 4.663E-02 7.456E-06 5.011E-04 0.000E+00 4.716E-02 4.713E-02 
2.044E+00 2.295E-05 4.604E-02 7.206E-06 5.401E-04 0.000E+00 4.661E-02 4.659E-02 
3.000E+00 1.066E-05 3.668E-02 4.092E-06 1.423E-03 1.283E-05 3.813E-02 3.812E-02 
4.000E+00 5.996E-06 3.060E-02 2.775E-06 2.301E-03 5.240E-05 3.296E-02 3.295E-02 
5.000E+00 3.837E-06 2.642E-02 2.088E-06 3.081E-03 1.044E-04 2.961E-02 2.961E-02 
6.000E+00 2.665E-06 2.336E-02 1.669E-06 3.781E-03 1.603E-04 2.730E-02 2.730E-02 
