Density

1.05

Photon    Coherent Incoher. Photoel. Nuclear  Electron Tot. w/  Tot. wo/ 
Energy    Scatter. Scatter. Absorb.  Pr. Prd. Pr. Prd. Coherent Coherent 

1.000E-03 1.346E+00 1.340E-02 3.803E+03 0.000E+00 0.000E+00 3.805E+03 3.803E+03 
1.035E-03 1.338E+00 1.425E-02 3.466E+03 0.000E+00 0.000E+00 3.468E+03 3.466E+03 
1.072E-03 1.330E+00 1.516E-02 3.159E+03 0.000E+00 0.000E+00 3.161E+03 3.159E+03 
1.072E-03 1.330E+00 1.516E-02 3.171E+03 0.000E+00 0.000E+00 3.172E+03 3.171E+03 
1.500E-03 1.240E+00 2.703E-02 1.283E+03 0.000E+00 0.000E+00 1.284E+03 1.283E+03 
2.000E-03 1.118E+00 4.215E-02 5.740E+02 0.000E+00 0.000E+00 5.751E+02 5.740E+02 
2.145E-03 1.082E+00 4.655E-02 4.700E+02 0.000E+00 0.000E+00 4.711E+02 4.701E+02 
2.145E-03 1.082E+00 4.655E-02 4.745E+02 0.000E+00 0.000E+00 4.756E+02 4.745E+02 
2.303E-03 1.043E+00 5.127E-02 3.876E+02 0.000E+00 0.000E+00 3.887E+02 3.876E+02 
2.472E-03 1.001E+00 5.624E-02 3.163E+02 0.000E+00 0.000E+00 3.173E+02 3.163E+02 
2.472E-03 1.001E+00 5.624E-02 3.200E+02 0.000E+00 0.000E+00 3.210E+02 3.200E+02 
2.641E-03 9.609E-01 6.110E-02 2.644E+02 0.000E+00 0.000E+00 2.654E+02 2.645E+02 
2.822E-03 9.188E-01 6.614E-02 2.183E+02 0.000E+00 0.000E+00 2.193E+02 2.184E+02 
2.822E-03 9.188E-01 6.614E-02 2.212E+02 0.000E+00 0.000E+00 2.222E+02 2.213E+02 
3.000E-03 8.789E-01 7.090E-02 1.854E+02 0.000E+00 0.000E+00 1.864E+02 1.855E+02 
3.607E-03 7.540E-01 8.575E-02 1.080E+02 0.000E+00 0.000E+00 1.088E+02 1.081E+02 
3.607E-03 7.540E-01 8.575E-02 1.101E+02 0.000E+00 0.000E+00 1.110E+02 1.102E+02 
4.000E-03 6.837E-01 9.418E-02 8.113E+01 0.000E+00 0.000E+00 8.191E+01 8.123E+01 
4.038E-03 6.773E-01 9.495E-02 7.888E+01 0.000E+00 0.000E+00 7.966E+01 7.898E+01 
4.038E-03 6.773E-01 9.495E-02 7.979E+01 0.000E+00 0.000E+00 8.056E+01 7.988E+01 
5.000E-03 5.390E-01 1.119E-01 4.222E+01 0.000E+00 0.000E+00 4.287E+01 4.233E+01 
6.000E-03 4.347E-01 1.251E-01 2.436E+01 0.000E+00 0.000E+00 2.492E+01 2.448E+01 
8.000E-03 3.022E-01 1.427E-01 1.012E+01 0.000E+00 0.000E+00 1.056E+01 1.026E+01 
1.000E-02 2.258E-01 1.536E-01 5.072E+00 0.000E+00 0.000E+00 5.451E+00 5.225E+00 
1.500E-02 1.312E-01 1.686E-01 1.419E+00 0.000E+00 0.000E+00 1.719E+00 1.588E+00 
2.000E-02 8.715E-02 1.761E-01 5.680E-01 0.000E+00 0.000E+00 8.313E-01 7.442E-01 
3.000E-02 4.612E-02 1.817E-01 1.538E-01 0.000E+00 0.000E+00 3.816E-01 3.354E-01 
4.000E-02 2.825E-02 1.815E-01 6.034E-02 0.000E+00 0.000E+00 2.701E-01 2.418E-01 
5.000E-02 1.904E-02 1.791E-01 2.910E-02 0.000E+00 0.000E+00 2.272E-01 2.082E-01 
6.000E-02 1.369E-02 1.758E-01 1.601E-02 0.000E+00 0.000E+00 2.055E-01 1.918E-01 
8.000E-02 8.031E-03 1.685E-01 6.225E-03 0.000E+00 0.000E+00 1.828E-01 1.747E-01 
1.000E-01 5.261E-03 1.614E-01 2.993E-03 0.000E+00 0.000E+00 1.697E-01 1.644E-01 
1.500E-01 2.402E-03 1.463E-01 7.976E-04 0.000E+00 0.000E+00 1.495E-01 1.471E-01 
2.000E-01 1.365E-03 1.344E-01 3.166E-04 0.000E+00 0.000E+00 1.360E-01 1.347E-01 
3.000E-01 6.117E-04 1.171E-01 8.991E-05 0.000E+00 0.000E+00 1.178E-01 1.172E-01 
4.000E-01 3.451E-04 1.050E-01 3.860E-05 0.000E+00 0.000E+00 1.054E-01 1.050E-01 
5.000E-01 2.212E-04 9.592E-02 2.085E-05 0.000E+00 0.000E+00 9.616E-02 9.594E-02 
6.000E-01 1.537E-04 8.874E-02 1.300E-05 0.000E+00 0.000E+00 8.890E-02 8.875E-02 
8.000E-01 8.652E-05 7.798E-02 6.565E-06 0.000E+00 0.000E+00 7.808E-02 7.799E-02 
1.000E+00 5.539E-05 7.014E-02 4.081E-06 0.000E+00 0.000E+00 7.020E-02 7.014E-02 
1.022E+00 5.304E-05 6.940E-02 3.812E-06 0.000E+00 0.000E+00 6.945E-02 6.940E-02 
1.250E+00 3.547E-05 6.271E-02 2.587E-06 1.751E-05 0.000E+00 6.277E-02 6.273E-02 
1.500E+00 2.463E-05 5.699E-02 1.876E-06 9.678E-05 0.000E+00 5.712E-02 5.709E-02 
2.000E+00 1.385E-05 4.865E-02 1.177E-06 3.851E-04 0.000E+00 4.905E-02 4.904E-02 
2.044E+00 1.326E-05 4.803E-02 1.139E-06 4.150E-04 0.000E+00 4.846E-02 4.845E-02 
3.000E+00 6.158E-06 3.827E-02 6.558E-07 1.101E-03 1.339E-05 3.939E-02 3.938E-02 
4.000E+00 3.464E-06 3.192E-02 4.493E-07 1.785E-03 5.466E-05 3.376E-02 3.376E-02 
5.000E+00 2.217E-06 2.757E-02 3.402E-07 2.395E-03 1.089E-04 3.007E-02 3.007E-02 
6.000E+00 1.539E-06 2.436E-02 2.733E-07 2.942E-03 1.673E-04 2.748E-02 2.747E-02 
