Density

1.06

Photon    Coherent Incoher. Photoel. Nuclear  Electron Tot. w/  Tot. wo/ 
Energy    Scatter. Scatter. Absorb.  Pr. Prd. Pr. Prd. Coherent Coherent 

1.000E-03 1.336E+00 1.346E-02 3.724E+03 0.000E+00 0.000E+00 3.726E+03 3.724E+03 
1.035E-03 1.328E+00 1.431E-02 3.394E+03 0.000E+00 0.000E+00 3.396E+03 3.394E+03 
1.072E-03 1.320E+00 1.522E-02 3.093E+03 0.000E+00 0.000E+00 3.094E+03 3.093E+03 
1.072E-03 1.320E+00 1.522E-02 3.105E+03 0.000E+00 0.000E+00 3.106E+03 3.105E+03 
1.500E-03 1.229E+00 2.712E-02 1.255E+03 0.000E+00 0.000E+00 1.256E+03 1.255E+03 
2.000E-03 1.107E+00 4.226E-02 5.609E+02 0.000E+00 0.000E+00 5.621E+02 5.610E+02 
2.145E-03 1.071E+00 4.667E-02 4.593E+02 0.000E+00 0.000E+00 4.604E+02 4.593E+02 
2.145E-03 1.071E+00 4.667E-02 4.659E+02 0.000E+00 0.000E+00 4.670E+02 4.660E+02 
2.303E-03 1.032E+00 5.139E-02 3.806E+02 0.000E+00 0.000E+00 3.817E+02 3.807E+02 
2.472E-03 9.906E-01 5.636E-02 3.106E+02 0.000E+00 0.000E+00 3.117E+02 3.107E+02 
2.472E-03 9.906E-01 5.636E-02 3.162E+02 0.000E+00 0.000E+00 3.172E+02 3.162E+02 
2.641E-03 9.502E-01 6.121E-02 2.614E+02 0.000E+00 0.000E+00 2.624E+02 2.614E+02 
2.822E-03 9.083E-01 6.624E-02 2.159E+02 0.000E+00 0.000E+00 2.168E+02 2.159E+02 
2.822E-03 9.083E-01 6.624E-02 2.188E+02 0.000E+00 0.000E+00 2.198E+02 2.188E+02 
3.000E-03 8.686E-01 7.100E-02 1.835E+02 0.000E+00 0.000E+00 1.844E+02 1.835E+02 
3.607E-03 7.448E-01 8.581E-02 1.069E+02 0.000E+00 0.000E+00 1.077E+02 1.070E+02 
3.607E-03 7.448E-01 8.581E-02 1.101E+02 0.000E+00 0.000E+00 1.110E+02 1.102E+02 
4.000E-03 6.752E-01 9.421E-02 8.118E+01 0.000E+00 0.000E+00 8.195E+01 8.128E+01 
5.000E-03 5.323E-01 1.118E-01 4.178E+01 0.000E+00 0.000E+00 4.242E+01 4.189E+01 
6.000E-03 4.296E-01 1.249E-01 2.411E+01 0.000E+00 0.000E+00 2.467E+01 2.424E+01 
8.000E-03 2.991E-01 1.425E-01 1.002E+01 0.000E+00 0.000E+00 1.046E+01 1.016E+01 
1.000E-02 2.238E-01 1.533E-01 5.025E+00 0.000E+00 0.000E+00 5.402E+00 5.178E+00 
1.500E-02 1.302E-01 1.683E-01 1.407E+00 0.000E+00 0.000E+00 1.706E+00 1.576E+00 
2.000E-02 8.645E-02 1.759E-01 5.635E-01 0.000E+00 0.000E+00 8.258E-01 7.393E-01 
3.000E-02 4.573E-02 1.814E-01 1.526E-01 0.000E+00 0.000E+00 3.798E-01 3.340E-01 
4.000E-02 2.801E-02 1.812E-01 5.992E-02 0.000E+00 0.000E+00 2.691E-01 2.411E-01 
5.000E-02 1.888E-02 1.788E-01 2.891E-02 0.000E+00 0.000E+00 2.265E-01 2.077E-01 
6.000E-02 1.357E-02 1.755E-01 1.590E-02 0.000E+00 0.000E+00 2.049E-01 1.914E-01 
8.000E-02 7.961E-03 1.682E-01 6.187E-03 0.000E+00 0.000E+00 1.824E-01 1.744E-01 
1.000E-01 5.215E-03 1.611E-01 2.976E-03 0.000E+00 0.000E+00 1.693E-01 1.641E-01 
1.500E-01 2.381E-03 1.460E-01 7.933E-04 0.000E+00 0.000E+00 1.492E-01 1.468E-01 
2.000E-01 1.353E-03 1.341E-01 3.149E-04 0.000E+00 0.000E+00 1.358E-01 1.344E-01 
3.000E-01 6.063E-04 1.169E-01 8.946E-05 0.000E+00 0.000E+00 1.175E-01 1.169E-01 
4.000E-01 3.420E-04 1.048E-01 3.842E-05 0.000E+00 0.000E+00 1.052E-01 1.048E-01 
5.000E-01 2.192E-04 9.574E-02 2.075E-05 0.000E+00 0.000E+00 9.598E-02 9.576E-02 
6.000E-01 1.523E-04 8.857E-02 1.293E-05 0.000E+00 0.000E+00 8.874E-02 8.858E-02 
8.000E-01 8.576E-05 7.784E-02 6.534E-06 0.000E+00 0.000E+00 7.793E-02 7.784E-02 
1.000E+00 5.490E-05 7.000E-02 4.062E-06 0.000E+00 0.000E+00 7.006E-02 7.001E-02 
1.022E+00 5.257E-05 6.927E-02 3.795E-06 0.000E+00 0.000E+00 6.932E-02 6.927E-02 
1.250E+00 3.515E-05 6.260E-02 2.575E-06 1.740E-05 0.000E+00 6.265E-02 6.262E-02 
1.500E+00 2.441E-05 5.689E-02 1.867E-06 9.618E-05 0.000E+00 5.701E-02 5.699E-02 
2.000E+00 1.373E-05 4.856E-02 1.172E-06 3.827E-04 0.000E+00 4.896E-02 4.894E-02 
2.044E+00 1.314E-05 4.794E-02 1.133E-06 4.124E-04 0.000E+00 4.837E-02 4.836E-02 
3.000E+00 6.103E-06 3.819E-02 6.526E-07 1.094E-03 1.336E-05 3.931E-02 3.930E-02 
4.000E+00 3.434E-06 3.186E-02 4.471E-07 1.774E-03 5.456E-05 3.369E-02 3.369E-02 
5.000E+00 2.197E-06 2.751E-02 3.385E-07 2.380E-03 1.087E-04 3.001E-02 3.000E-02 
6.000E+00 1.526E-06 2.432E-02 2.719E-07 2.924E-03 1.670E-04 2.741E-02 2.741E-02 
