Density 

1.68

Photon    Coherent Incoher. Photoel. Nuclear  Electron Tot. w/  Tot. wo/ 
Energy    Scatter. Scatter. Absorb.  Pr. Prd. Pr. Prd. Coherent Coherent 

1.000E-03 1.850E+00 1.281E-02 3.655E+03 0.000E+00 0.000E+00 3.657E+03 3.655E+03 
1.035E-03 1.838E+00 1.356E-02 3.332E+03 0.000E+00 0.000E+00 3.334E+03 3.332E+03 
1.072E-03 1.825E+00 1.435E-02 3.038E+03 0.000E+00 0.000E+00 3.040E+03 3.038E+03 
1.072E-03 1.825E+00 1.435E-02 3.044E+03 0.000E+00 0.000E+00 3.046E+03 3.044E+03 
1.183E-03 1.790E+00 1.683E-02 2.344E+03 0.000E+00 0.000E+00 2.345E+03 2.344E+03 
1.305E-03 1.751E+00 1.970E-02 1.803E+03 0.000E+00 0.000E+00 1.804E+03 1.803E+03 
1.305E-03 1.751E+00 1.970E-02 1.813E+03 0.000E+00 0.000E+00 1.814E+03 1.813E+03 
1.500E-03 1.689E+00 2.446E-02 1.246E+03 0.000E+00 0.000E+00 1.248E+03 1.246E+03 
2.000E-03 1.522E+00 3.689E-02 5.626E+02 0.000E+00 0.000E+00 5.642E+02 5.627E+02 
2.145E-03 1.474E+00 4.049E-02 4.617E+02 0.000E+00 0.000E+00 4.633E+02 4.618E+02 
2.145E-03 1.474E+00 4.049E-02 6.530E+02 0.000E+00 0.000E+00 6.545E+02 6.530E+02 
2.303E-03 1.424E+00 4.435E-02 5.411E+02 0.000E+00 0.000E+00 5.425E+02 5.411E+02 
2.472E-03 1.371E+00 4.842E-02 4.480E+02 0.000E+00 0.000E+00 4.494E+02 4.481E+02 
2.472E-03 1.371E+00 4.842E-02 4.536E+02 0.000E+00 0.000E+00 4.550E+02 4.536E+02 
3.000E-03 1.219E+00 6.048E-02 2.691E+02 0.000E+00 0.000E+00 2.704E+02 2.692E+02 
4.000E-03 9.791E-01 7.993E-02 1.201E+02 0.000E+00 0.000E+00 1.212E+02 1.202E+02 
4.038E-03 9.711E-01 8.058E-02 1.169E+02 0.000E+00 0.000E+00 1.180E+02 1.170E+02 
4.038E-03 9.711E-01 8.058E-02 2.861E+02 0.000E+00 0.000E+00 2.871E+02 2.862E+02 
5.000E-03 7.990E-01 9.505E-02 1.638E+02 0.000E+00 0.000E+00 1.647E+02 1.639E+02 
6.000E-03 6.658E-01 1.067E-01 9.973E+01 0.000E+00 0.000E+00 1.005E+02 9.983E+01 
8.000E-03 4.894E-01 1.230E-01 4.495E+01 0.000E+00 0.000E+00 4.557E+01 4.508E+01 
1.000E-02 3.806E-01 1.338E-01 2.387E+01 0.000E+00 0.000E+00 2.438E+01 2.400E+01 
1.500E-02 2.306E-01 1.501E-01 7.347E+00 0.000E+00 0.000E+00 7.728E+00 7.497E+00 
2.000E-02 1.539E-01 1.590E-01 3.124E+00 0.000E+00 0.000E+00 3.437E+00 3.283E+00 
3.000E-02 8.216E-02 1.663E-01 9.138E-01 0.000E+00 0.000E+00 1.162E+00 1.080E+00 
4.000E-02 5.127E-02 1.674E-01 3.766E-01 0.000E+00 0.000E+00 5.953E-01 5.440E-01 
5.000E-02 3.513E-02 1.660E-01 1.880E-01 0.000E+00 0.000E+00 3.892E-01 3.540E-01 
6.000E-02 2.557E-02 1.636E-01 1.062E-01 0.000E+00 0.000E+00 2.953E-01 2.698E-01 
8.000E-02 1.523E-02 1.576E-01 4.288E-02 0.000E+00 0.000E+00 2.157E-01 2.004E-01 
1.000E-01 1.007E-02 1.514E-01 2.118E-02 0.000E+00 0.000E+00 1.826E-01 1.726E-01 
1.500E-01 4.667E-03 1.377E-01 5.885E-03 0.000E+00 0.000E+00 1.482E-01 1.436E-01 
2.000E-01 2.677E-03 1.267E-01 2.396E-03 0.000E+00 0.000E+00 1.317E-01 1.291E-01 
3.000E-01 1.210E-03 1.105E-01 6.996E-04 0.000E+00 0.000E+00 1.124E-01 1.112E-01 
4.000E-01 6.852E-04 9.916E-02 3.051E-04 0.000E+00 0.000E+00 1.002E-01 9.946E-02 
5.000E-01 4.399E-04 9.063E-02 1.662E-04 0.000E+00 0.000E+00 9.123E-02 9.079E-02 
6.000E-01 3.060E-04 8.386E-02 1.042E-04 0.000E+00 0.000E+00 8.427E-02 8.397E-02 
8.000E-01 1.725E-04 7.371E-02 5.287E-05 0.000E+00 0.000E+00 7.393E-02 7.376E-02 
1.000E+00 1.105E-04 6.629E-02 3.287E-05 0.000E+00 0.000E+00 6.644E-02 6.633E-02 
1.022E+00 1.058E-04 6.560E-02 3.108E-05 0.000E+00 0.000E+00 6.574E-02 6.563E-02 
1.250E+00 7.075E-05 5.928E-02 2.105E-05 2.564E-05 0.000E+00 5.940E-02 5.933E-02 
1.500E+00 4.914E-05 5.388E-02 1.521E-05 1.387E-04 0.000E+00 5.409E-02 5.404E-02 
2.000E+00 2.765E-05 4.599E-02 9.446E-06 5.470E-04 0.000E+00 4.657E-02 4.654E-02 
2.044E+00 2.647E-05 4.541E-02 9.129E-06 5.895E-04 0.000E+00 4.604E-02 4.601E-02 
3.000E+00 1.229E-05 3.618E-02 5.182E-06 1.551E-03 1.266E-05 3.776E-02 3.775E-02 
4.000E+00 6.917E-06 3.018E-02 3.513E-06 2.506E-03 5.169E-05 3.275E-02 3.274E-02 
5.000E+00 4.426E-06 2.606E-02 2.643E-06 3.355E-03 1.030E-04 2.953E-02 2.952E-02 
6.000E+00 3.074E-06 2.304E-02 2.113E-06 4.116E-03 1.582E-04 2.732E-02 2.731E-02 
