Density

1.04

Photon    Coherent Incoher. Photoel. Nuclear  Electron Tot. w/  Tot. wo/ 
Energy    Scatter. Scatter. Absorb.  Pr. Prd. Pr. Prd. Coherent Coherent 

1.000E-03 1.314E+00 1.372E-02 3.653E+03 0.000E+00 0.000E+00 3.654E+03 3.653E+03 
1.035E-03 1.307E+00 1.459E-02 3.328E+03 0.000E+00 0.000E+00 3.330E+03 3.328E+03 
1.072E-03 1.299E+00 1.552E-02 3.033E+03 0.000E+00 0.000E+00 3.034E+03 3.033E+03 
1.072E-03 1.299E+00 1.552E-02 3.044E+03 0.000E+00 0.000E+00 3.046E+03 3.045E+03 
1.500E-03 1.208E+00 2.762E-02 1.229E+03 0.000E+00 0.000E+00 1.231E+03 1.229E+03 
2.000E-03 1.087E+00 4.299E-02 5.492E+02 0.000E+00 0.000E+00 5.503E+02 5.492E+02 
2.145E-03 1.051E+00 4.746E-02 4.496E+02 0.000E+00 0.000E+00 4.507E+02 4.496E+02 
2.145E-03 1.051E+00 4.746E-02 4.540E+02 0.000E+00 0.000E+00 4.551E+02 4.541E+02 
2.303E-03 1.012E+00 5.223E-02 3.708E+02 0.000E+00 0.000E+00 3.718E+02 3.708E+02 
2.472E-03 9.717E-01 5.726E-02 3.025E+02 0.000E+00 0.000E+00 3.035E+02 3.025E+02 
2.472E-03 9.717E-01 5.726E-02 3.043E+02 0.000E+00 0.000E+00 3.054E+02 3.044E+02 
2.641E-03 9.318E-01 6.217E-02 2.514E+02 0.000E+00 0.000E+00 2.523E+02 2.514E+02 
2.822E-03 8.904E-01 6.725E-02 2.074E+02 0.000E+00 0.000E+00 2.083E+02 2.075E+02 
2.822E-03 8.904E-01 6.725E-02 2.103E+02 0.000E+00 0.000E+00 2.113E+02 2.104E+02 
3.000E-03 8.513E-01 7.205E-02 1.762E+02 0.000E+00 0.000E+00 1.771E+02 1.763E+02 
3.607E-03 7.292E-01 8.698E-02 1.025E+02 0.000E+00 0.000E+00 1.034E+02 1.026E+02 
3.607E-03 7.292E-01 8.698E-02 1.047E+02 0.000E+00 0.000E+00 1.055E+02 1.048E+02 
4.000E-03 6.608E-01 9.542E-02 7.707E+01 0.000E+00 0.000E+00 7.783E+01 7.717E+01 
5.000E-03 5.205E-01 1.131E-01 3.956E+01 0.000E+00 0.000E+00 4.019E+01 3.967E+01 
6.000E-03 4.198E-01 1.262E-01 2.278E+01 0.000E+00 0.000E+00 2.333E+01 2.291E+01 
8.000E-03 2.921E-01 1.437E-01 9.434E+00 0.000E+00 0.000E+00 9.870E+00 9.578E+00 
1.000E-02 2.185E-01 1.545E-01 4.720E+00 0.000E+00 0.000E+00 5.093E+00 4.875E+00 
1.500E-02 1.272E-01 1.694E-01 1.316E+00 0.000E+00 0.000E+00 1.613E+00 1.486E+00 
2.000E-02 8.444E-02 1.769E-01 5.255E-01 0.000E+00 0.000E+00 7.868E-01 7.024E-01 
3.000E-02 4.463E-02 1.823E-01 1.418E-01 0.000E+00 0.000E+00 3.688E-01 3.241E-01 
4.000E-02 2.732E-02 1.821E-01 5.553E-02 0.000E+00 0.000E+00 2.649E-01 2.376E-01 
5.000E-02 1.841E-02 1.796E-01 2.674E-02 0.000E+00 0.000E+00 2.247E-01 2.063E-01 
6.000E-02 1.323E-02 1.762E-01 1.469E-02 0.000E+00 0.000E+00 2.041E-01 1.909E-01 
8.000E-02 7.756E-03 1.689E-01 5.702E-03 0.000E+00 0.000E+00 1.823E-01 1.746E-01 
1.000E-01 5.079E-03 1.618E-01 2.739E-03 0.000E+00 0.000E+00 1.696E-01 1.645E-01 
1.500E-01 2.318E-03 1.466E-01 7.283E-04 0.000E+00 0.000E+00 1.496E-01 1.473E-01 
2.000E-01 1.317E-03 1.346E-01 2.887E-04 0.000E+00 0.000E+00 1.362E-01 1.349E-01 
3.000E-01 5.899E-04 1.173E-01 8.188E-05 0.000E+00 0.000E+00 1.180E-01 1.174E-01 
4.000E-01 3.328E-04 1.052E-01 3.513E-05 0.000E+00 0.000E+00 1.055E-01 1.052E-01 
5.000E-01 2.132E-04 9.609E-02 1.896E-05 0.000E+00 0.000E+00 9.632E-02 9.611E-02 
6.000E-01 1.482E-04 8.889E-02 1.182E-05 0.000E+00 0.000E+00 8.905E-02 8.891E-02 
8.000E-01 8.343E-05 7.812E-02 5.968E-06 0.000E+00 0.000E+00 7.821E-02 7.812E-02 
1.000E+00 5.341E-05 7.026E-02 3.710E-06 0.000E+00 0.000E+00 7.031E-02 7.026E-02 
1.022E+00 5.114E-05 6.952E-02 3.463E-06 0.000E+00 0.000E+00 6.957E-02 6.952E-02 
1.250E+00 3.420E-05 6.282E-02 2.350E-06 1.712E-05 0.000E+00 6.288E-02 6.284E-02 
1.500E+00 2.374E-05 5.710E-02 1.704E-06 9.467E-05 0.000E+00 5.722E-02 5.719E-02 
2.000E+00 1.336E-05 4.873E-02 1.070E-06 3.768E-04 0.000E+00 4.912E-02 4.911E-02 
2.044E+00 1.279E-05 4.812E-02 1.035E-06 4.061E-04 0.000E+00 4.854E-02 4.853E-02 
3.000E+00 5.937E-06 3.833E-02 5.967E-07 1.077E-03 1.341E-05 3.943E-02 3.942E-02 
4.000E+00 3.340E-06 3.198E-02 4.090E-07 1.747E-03 5.476E-05 3.378E-02 3.378E-02 
5.000E+00 2.137E-06 2.761E-02 3.098E-07 2.344E-03 1.091E-04 3.007E-02 3.007E-02 
6.000E+00 1.484E-06 2.441E-02 2.489E-07 2.880E-03 1.676E-04 2.746E-02 2.745E-02 
