Density

1.41

Photon    Coherent Incoher. Photoel. Nuclear  Electron Tot. w/  Tot. wo/ 
Energy    Scatter. Scatter. Absorb.  Pr. Prd. Pr. Prd. Coherent Coherent 

1.000E-03 1.659E+00 1.339E-02 3.478E+03 0.000E+00 0.000E+00 3.480E+03 3.478E+03 
1.035E-03 1.648E+00 1.419E-02 3.170E+03 0.000E+00 0.000E+00 3.172E+03 3.170E+03 
1.072E-03 1.637E+00 1.504E-02 2.889E+03 0.000E+00 0.000E+00 2.890E+03 2.889E+03 
1.072E-03 1.637E+00 1.504E-02 2.894E+03 0.000E+00 0.000E+00 2.896E+03 2.895E+03 
1.183E-03 1.605E+00 1.771E-02 2.226E+03 0.000E+00 0.000E+00 2.228E+03 2.226E+03 
1.305E-03 1.570E+00 2.081E-02 1.710E+03 0.000E+00 0.000E+00 1.711E+03 1.710E+03 
1.305E-03 1.570E+00 2.081E-02 1.715E+03 0.000E+00 0.000E+00 1.716E+03 1.715E+03 
1.500E-03 1.513E+00 2.596E-02 1.176E+03 0.000E+00 0.000E+00 1.178E+03 1.176E+03 
2.000E-03 1.360E+00 3.948E-02 5.285E+02 0.000E+00 0.000E+00 5.299E+02 5.285E+02 
2.145E-03 1.316E+00 4.340E-02 4.332E+02 0.000E+00 0.000E+00 4.346E+02 4.333E+02 
2.145E-03 1.316E+00 4.340E-02 5.667E+02 0.000E+00 0.000E+00 5.680E+02 5.667E+02 
2.303E-03 1.270E+00 4.758E-02 4.680E+02 0.000E+00 0.000E+00 4.693E+02 4.681E+02 
2.472E-03 1.221E+00 5.198E-02 3.863E+02 0.000E+00 0.000E+00 3.875E+02 3.863E+02 
2.472E-03 1.221E+00 5.198E-02 3.918E+02 0.000E+00 0.000E+00 3.931E+02 3.919E+02 
2.641E-03 1.174E+00 5.628E-02 3.273E+02 0.000E+00 0.000E+00 3.285E+02 3.273E+02 
2.822E-03 1.126E+00 6.073E-02 2.730E+02 0.000E+00 0.000E+00 2.742E+02 2.730E+02 
2.822E-03 1.126E+00 6.073E-02 2.744E+02 0.000E+00 0.000E+00 2.756E+02 2.745E+02 
3.000E-03 1.080E+00 6.495E-02 2.320E+02 0.000E+00 0.000E+00 2.331E+02 2.320E+02 
3.607E-03 9.398E-01 7.812E-02 1.380E+02 0.000E+00 0.000E+00 1.390E+02 1.380E+02 
3.607E-03 9.398E-01 7.812E-02 1.390E+02 0.000E+00 0.000E+00 1.401E+02 1.391E+02 
4.000E-03 8.600E-01 8.560E-02 1.035E+02 0.000E+00 0.000E+00 1.044E+02 1.036E+02 
4.038E-03 8.526E-01 8.628E-02 1.007E+02 0.000E+00 0.000E+00 1.017E+02 1.008E+02 
4.038E-03 8.526E-01 8.628E-02 2.192E+02 0.000E+00 0.000E+00 2.202E+02 2.193E+02 
5.000E-03 6.965E-01 1.014E-01 1.247E+02 0.000E+00 0.000E+00 1.255E+02 1.248E+02 
6.000E-03 5.769E-01 1.133E-01 7.559E+01 0.000E+00 0.000E+00 7.628E+01 7.570E+01 
8.000E-03 4.204E-01 1.297E-01 3.387E+01 0.000E+00 0.000E+00 3.442E+01 3.400E+01 
1.000E-02 3.252E-01 1.404E-01 1.791E+01 0.000E+00 0.000E+00 1.838E+01 1.805E+01 
1.500E-02 1.960E-01 1.563E-01 5.479E+00 0.000E+00 0.000E+00 5.832E+00 5.636E+00 
2.000E-02 1.306E-01 1.648E-01 2.322E+00 0.000E+00 0.000E+00 2.617E+00 2.486E+00 
3.000E-02 6.957E-02 1.714E-01 6.761E-01 0.000E+00 0.000E+00 9.171E-01 8.476E-01 
4.000E-02 4.326E-02 1.720E-01 2.780E-01 0.000E+00 0.000E+00 4.932E-01 4.500E-01 
5.000E-02 2.955E-02 1.702E-01 1.385E-01 0.000E+00 0.000E+00 3.383E-01 3.088E-01 
6.000E-02 2.146E-02 1.675E-01 7.816E-02 0.000E+00 0.000E+00 2.671E-01 2.456E-01 
8.000E-02 1.275E-02 1.610E-01 3.150E-02 0.000E+00 0.000E+00 2.053E-01 1.925E-01 
1.000E-01 8.415E-03 1.545E-01 1.554E-02 0.000E+00 0.000E+00 1.785E-01 1.701E-01 
1.500E-01 3.889E-03 1.403E-01 4.310E-03 0.000E+00 0.000E+00 1.485E-01 1.447E-01 
2.000E-01 2.227E-03 1.290E-01 1.753E-03 0.000E+00 0.000E+00 1.330E-01 1.308E-01 
3.000E-01 1.005E-03 1.125E-01 5.112E-04 0.000E+00 0.000E+00 1.141E-01 1.131E-01 
4.000E-01 5.688E-04 1.010E-01 2.228E-04 0.000E+00 0.000E+00 1.018E-01 1.012E-01 
5.000E-01 3.651E-04 9.226E-02 1.214E-04 0.000E+00 0.000E+00 9.275E-02 9.239E-02 
6.000E-01 2.539E-04 8.537E-02 7.603E-05 0.000E+00 0.000E+00 8.570E-02 8.545E-02 
8.000E-01 1.431E-04 7.503E-02 3.858E-05 0.000E+00 0.000E+00 7.521E-02 7.506E-02 
1.000E+00 9.164E-05 6.748E-02 2.399E-05 0.000E+00 0.000E+00 6.759E-02 6.750E-02 
1.022E+00 8.776E-05 6.677E-02 2.267E-05 0.000E+00 0.000E+00 6.688E-02 6.679E-02 
1.250E+00 5.869E-05 6.034E-02 1.535E-05 2.272E-05 0.000E+00 6.044E-02 6.038E-02 
1.500E+00 4.076E-05 5.485E-02 1.110E-05 1.235E-04 0.000E+00 5.502E-02 5.498E-02 
2.000E+00 2.294E-05 4.681E-02 6.894E-06 4.882E-04 0.000E+00 4.733E-02 4.730E-02 
2.044E+00 2.196E-05 4.622E-02 6.663E-06 5.261E-04 0.000E+00 4.678E-02 4.676E-02 
3.000E+00 1.020E-05 3.682E-02 3.784E-06 1.387E-03 1.288E-05 3.824E-02 3.823E-02 
4.000E+00 5.736E-06 3.072E-02 2.567E-06 2.243E-03 5.260E-05 3.302E-02 3.302E-02 
5.000E+00 3.671E-06 2.653E-02 1.932E-06 3.004E-03 1.048E-04 2.964E-02 2.964E-02 
6.000E+00 2.549E-06 2.345E-02 1.544E-06 3.687E-03 1.610E-04 2.730E-02 2.730E-02 
