Density 

1.52

Photon    Coherent Incoher. Photoel. Nuclear  Electron Tot. w/  Tot. wo/ 
Energy    Scatter. Scatter. Absorb.  Pr. Prd. Pr. Prd. Coherent Coherent 

1.000E-03 1.746E+00 1.313E-02 3.555E+03 0.000E+00 0.000E+00 3.557E+03 3.555E+03 
1.035E-03 1.734E+00 1.391E-02 3.240E+03 0.000E+00 0.000E+00 3.242E+03 3.240E+03 
1.072E-03 1.722E+00 1.473E-02 2.953E+03 0.000E+00 0.000E+00 2.955E+03 2.953E+03 
1.072E-03 1.722E+00 1.473E-02 2.959E+03 0.000E+00 0.000E+00 2.961E+03 2.959E+03 
1.183E-03 1.689E+00 1.732E-02 2.277E+03 0.000E+00 0.000E+00 2.279E+03 2.277E+03 
1.305E-03 1.652E+00 2.032E-02 1.750E+03 0.000E+00 0.000E+00 1.752E+03 1.750E+03 
1.305E-03 1.652E+00 2.032E-02 1.755E+03 0.000E+00 0.000E+00 1.757E+03 1.755E+03 
1.500E-03 1.593E+00 2.529E-02 1.205E+03 0.000E+00 0.000E+00 1.207E+03 1.205E+03 
2.000E-03 1.433E+00 3.833E-02 5.426E+02 0.000E+00 0.000E+00 5.441E+02 5.427E+02 
2.145E-03 1.388E+00 4.211E-02 4.451E+02 0.000E+00 0.000E+00 4.465E+02 4.451E+02 
2.145E-03 1.388E+00 4.211E-02 6.052E+02 0.000E+00 0.000E+00 6.066E+02 6.052E+02 
2.303E-03 1.340E+00 4.614E-02 5.006E+02 0.000E+00 0.000E+00 5.020E+02 5.007E+02 
2.472E-03 1.289E+00 5.040E-02 4.138E+02 0.000E+00 0.000E+00 4.152E+02 4.139E+02 
2.472E-03 1.289E+00 5.040E-02 4.194E+02 0.000E+00 0.000E+00 4.207E+02 4.194E+02 
2.641E-03 1.240E+00 5.456E-02 3.508E+02 0.000E+00 0.000E+00 3.521E+02 3.509E+02 
2.822E-03 1.190E+00 5.887E-02 2.930E+02 0.000E+00 0.000E+00 2.943E+02 2.931E+02 
2.822E-03 1.190E+00 5.887E-02 2.945E+02 0.000E+00 0.000E+00 2.957E+02 2.945E+02 
3.000E-03 1.143E+00 6.296E-02 2.492E+02 0.000E+00 0.000E+00 2.504E+02 2.493E+02 
3.607E-03 9.972E-01 7.577E-02 1.486E+02 0.000E+00 0.000E+00 1.497E+02 1.487E+02 
3.607E-03 9.972E-01 7.577E-02 1.497E+02 0.000E+00 0.000E+00 1.508E+02 1.498E+02 
4.000E-03 9.139E-01 8.307E-02 1.116E+02 0.000E+00 0.000E+00 1.126E+02 1.117E+02 
4.038E-03 9.062E-01 8.374E-02 1.086E+02 0.000E+00 0.000E+00 1.096E+02 1.087E+02 
4.038E-03 9.062E-01 8.374E-02 2.498E+02 0.000E+00 0.000E+00 2.507E+02 2.498E+02 
5.000E-03 7.429E-01 9.854E-02 1.426E+02 0.000E+00 0.000E+00 1.434E+02 1.427E+02 
6.000E-03 6.172E-01 1.103E-01 8.661E+01 0.000E+00 0.000E+00 8.733E+01 8.672E+01 
8.000E-03 4.517E-01 1.267E-01 3.893E+01 0.000E+00 0.000E+00 3.951E+01 3.905E+01 
1.000E-02 3.504E-01 1.374E-01 2.063E+01 0.000E+00 0.000E+00 2.112E+01 2.077E+01 
1.500E-02 2.118E-01 1.535E-01 6.332E+00 0.000E+00 0.000E+00 6.697E+00 6.485E+00 
2.000E-02 1.412E-01 1.622E-01 2.688E+00 0.000E+00 0.000E+00 2.991E+00 2.850E+00 
3.000E-02 7.529E-02 1.691E-01 7.846E-01 0.000E+00 0.000E+00 1.029E+00 9.538E-01 
4.000E-02 4.691E-02 1.699E-01 3.230E-01 0.000E+00 0.000E+00 5.398E-01 4.929E-01 
5.000E-02 3.209E-02 1.683E-01 1.611E-01 0.000E+00 0.000E+00 3.615E-01 3.295E-01 
6.000E-02 2.333E-02 1.657E-01 9.096E-02 0.000E+00 0.000E+00 2.800E-01 2.567E-01 
8.000E-02 1.388E-02 1.595E-01 3.670E-02 0.000E+00 0.000E+00 2.100E-01 1.962E-01 
1.000E-01 9.170E-03 1.531E-01 1.811E-02 0.000E+00 0.000E+00 1.804E-01 1.712E-01 
1.500E-01 4.243E-03 1.391E-01 5.029E-03 0.000E+00 0.000E+00 1.484E-01 1.442E-01 
2.000E-01 2.431E-03 1.280E-01 2.046E-03 0.000E+00 0.000E+00 1.325E-01 1.300E-01 
3.000E-01 1.098E-03 1.116E-01 5.972E-04 0.000E+00 0.000E+00 1.133E-01 1.122E-01 
4.000E-01 6.217E-04 1.002E-01 2.604E-04 0.000E+00 0.000E+00 1.010E-01 1.004E-01 
5.000E-01 3.991E-04 9.153E-02 1.418E-04 0.000E+00 0.000E+00 9.207E-02 9.168E-02 
6.000E-01 2.777E-04 8.470E-02 8.887E-05 0.000E+00 0.000E+00 8.506E-02 8.479E-02 
8.000E-01 1.565E-04 7.444E-02 4.510E-05 0.000E+00 0.000E+00 7.464E-02 7.448E-02 
1.000E+00 1.002E-04 6.695E-02 2.804E-05 0.000E+00 0.000E+00 6.708E-02 6.698E-02 
1.022E+00 9.597E-05 6.625E-02 2.650E-05 0.000E+00 0.000E+00 6.637E-02 6.627E-02 
1.250E+00 6.418E-05 5.987E-02 1.795E-05 2.405E-05 0.000E+00 5.998E-02 5.991E-02 
1.500E+00 4.458E-05 5.442E-02 1.298E-05 1.304E-04 0.000E+00 5.460E-02 5.456E-02 
2.000E+00 2.508E-05 4.644E-02 8.058E-06 5.149E-04 0.000E+00 4.699E-02 4.697E-02 
2.044E+00 2.401E-05 4.586E-02 7.788E-06 5.549E-04 0.000E+00 4.645E-02 4.642E-02 
3.000E+00 1.115E-05 3.654E-02 4.422E-06 1.461E-03 1.278E-05 3.803E-02 3.802E-02 
4.000E+00 6.274E-06 3.048E-02 2.998E-06 2.362E-03 5.219E-05 3.290E-02 3.290E-02 
5.000E+00 4.014E-06 2.632E-02 2.256E-06 3.163E-03 1.040E-04 2.959E-02 2.959E-02 
6.000E+00 2.788E-06 2.326E-02 1.804E-06 3.882E-03 1.597E-04 2.731E-02 2.731E-02 
