Density

1.29

Photon    Coherent Incoher. Photoel. Nuclear  Electron Tot. w/  Tot. wo/ 
Energy    Scatter. Scatter. Absorb.  Pr. Prd. Pr. Prd. Coherent Coherent 

1.000E-03 1.546E+00 1.371E-02 3.384E+03 0.000E+00 0.000E+00 3.386E+03 3.384E+03 
1.142E-03 1.507E+00 1.716E-02 2.369E+03 0.000E+00 0.000E+00 2.371E+03 2.369E+03 
1.305E-03 1.463E+00 2.142E-02 1.656E+03 0.000E+00 0.000E+00 1.657E+03 1.656E+03 
1.305E-03 1.463E+00 2.142E-02 1.661E+03 0.000E+00 0.000E+00 1.662E+03 1.661E+03 
1.500E-03 1.410E+00 2.680E-02 1.137E+03 0.000E+00 0.000E+00 1.139E+03 1.138E+03 
2.000E-03 1.265E+00 4.095E-02 5.096E+02 0.000E+00 0.000E+00 5.109E+02 5.096E+02 
2.145E-03 1.223E+00 4.503E-02 4.175E+02 0.000E+00 0.000E+00 4.188E+02 4.175E+02 
2.145E-03 1.223E+00 4.503E-02 5.176E+02 0.000E+00 0.000E+00 5.188E+02 5.176E+02 
2.303E-03 1.179E+00 4.940E-02 4.264E+02 0.000E+00 0.000E+00 4.277E+02 4.265E+02 
2.472E-03 1.133E+00 5.399E-02 3.511E+02 0.000E+00 0.000E+00 3.523E+02 3.512E+02 
2.472E-03 1.133E+00 5.399E-02 3.548E+02 0.000E+00 0.000E+00 3.560E+02 3.549E+02 
2.641E-03 1.088E+00 5.847E-02 2.957E+02 0.000E+00 0.000E+00 2.968E+02 2.957E+02 
2.822E-03 1.042E+00 6.311E-02 2.461E+02 0.000E+00 0.000E+00 2.472E+02 2.461E+02 
2.822E-03 1.042E+00 6.311E-02 2.475E+02 0.000E+00 0.000E+00 2.486E+02 2.476E+02 
3.000E-03 9.989E-01 6.749E-02 2.088E+02 0.000E+00 0.000E+00 2.099E+02 2.089E+02 
3.607E-03 8.654E-01 8.112E-02 1.236E+02 0.000E+00 0.000E+00 1.246E+02 1.237E+02 
3.607E-03 8.654E-01 8.112E-02 1.247E+02 0.000E+00 0.000E+00 1.257E+02 1.248E+02 
4.000E-03 7.901E-01 8.883E-02 9.262E+01 0.000E+00 0.000E+00 9.350E+01 9.271E+01 
4.038E-03 7.832E-01 8.953E-02 9.012E+01 0.000E+00 0.000E+00 9.100E+01 9.021E+01 
4.038E-03 7.832E-01 8.953E-02 1.788E+02 0.000E+00 0.000E+00 1.797E+02 1.789E+02 
5.000E-03 6.363E-01 1.050E-01 1.010E+02 0.000E+00 0.000E+00 1.018E+02 1.011E+02 
6.000E-03 5.247E-01 1.171E-01 6.099E+01 0.000E+00 0.000E+00 6.163E+01 6.111E+01 
7.112E-03 4.344E-01 1.272E-01 3.788E+01 0.000E+00 0.000E+00 3.844E+01 3.801E+01 
7.112E-03 4.344E-01 1.272E-01 3.823E+01 0.000E+00 0.000E+00 3.879E+01 3.836E+01 
8.000E-03 3.798E-01 1.336E-01 2.743E+01 0.000E+00 0.000E+00 2.794E+01 2.756E+01 
1.000E-02 2.925E-01 1.442E-01 1.446E+01 0.000E+00 0.000E+00 1.489E+01 1.460E+01 
1.500E-02 1.756E-01 1.598E-01 4.401E+00 0.000E+00 0.000E+00 4.736E+00 4.560E+00 
2.000E-02 1.170E-01 1.681E-01 1.859E+00 0.000E+00 0.000E+00 2.144E+00 2.027E+00 
3.000E-02 6.217E-02 1.743E-01 5.396E-01 0.000E+00 0.000E+00 7.761E-01 7.139E-01 
4.000E-02 3.855E-02 1.746E-01 2.214E-01 0.000E+00 0.000E+00 4.346E-01 3.960E-01 
5.000E-02 2.627E-02 1.726E-01 1.102E-01 0.000E+00 0.000E+00 3.091E-01 2.828E-01 
6.000E-02 1.905E-02 1.697E-01 6.210E-02 0.000E+00 0.000E+00 2.508E-01 2.318E-01 
8.000E-02 1.129E-02 1.630E-01 2.500E-02 0.000E+00 0.000E+00 1.993E-01 1.880E-01 
1.000E-01 7.443E-03 1.563E-01 1.232E-02 0.000E+00 0.000E+00 1.761E-01 1.686E-01 
1.500E-01 3.432E-03 1.418E-01 3.413E-03 0.000E+00 0.000E+00 1.487E-01 1.453E-01 
2.000E-01 1.963E-03 1.304E-01 1.387E-03 0.000E+00 0.000E+00 1.337E-01 1.318E-01 
3.000E-01 8.848E-04 1.137E-01 4.042E-04 0.000E+00 0.000E+00 1.150E-01 1.141E-01 
4.000E-01 5.005E-04 1.020E-01 1.761E-04 0.000E+00 0.000E+00 1.026E-01 1.021E-01 
5.000E-01 3.212E-04 9.318E-02 9.591E-05 0.000E+00 0.000E+00 9.359E-02 9.327E-02 
6.000E-01 2.234E-04 8.621E-02 6.008E-05 0.000E+00 0.000E+00 8.649E-02 8.627E-02 
8.000E-01 1.259E-04 7.576E-02 3.048E-05 0.000E+00 0.000E+00 7.592E-02 7.579E-02 
1.000E+00 8.060E-05 6.814E-02 1.895E-05 0.000E+00 0.000E+00 6.824E-02 6.816E-02 
1.022E+00 7.719E-05 6.743E-02 1.790E-05 0.000E+00 0.000E+00 6.752E-02 6.744E-02 
1.250E+00 5.162E-05 6.093E-02 1.212E-05 2.102E-05 0.000E+00 6.102E-02 6.096E-02 
1.500E+00 3.585E-05 5.538E-02 8.766E-06 1.146E-04 0.000E+00 5.554E-02 5.551E-02 
2.000E+00 2.017E-05 4.726E-02 5.447E-06 4.536E-04 0.000E+00 4.774E-02 4.772E-02 
2.044E+00 1.931E-05 4.667E-02 5.264E-06 4.889E-04 0.000E+00 4.719E-02 4.717E-02 
3.000E+00 8.967E-06 3.718E-02 2.991E-06 1.290E-03 1.301E-05 3.850E-02 3.849E-02 
4.000E+00 5.045E-06 3.102E-02 2.029E-06 2.088E-03 5.312E-05 3.317E-02 3.316E-02 
5.000E+00 3.228E-06 2.679E-02 1.527E-06 2.797E-03 1.058E-04 2.969E-02 2.969E-02 
6.000E+00 2.242E-06 2.368E-02 1.221E-06 3.434E-03 1.625E-04 2.728E-02 2.727E-02 
