Density

1.39

Photon    Coherent Incoher. Photoel. Nuclear  Electron Tot. w/  Tot. wo/ 
Energy    Scatter. Scatter. Absorb.  Pr. Prd. Pr. Prd. Coherent Coherent 

1.000E-03 1.639E+00 1.346E-02 3.455E+03 0.000E+00 0.000E+00 3.457E+03 3.455E+03 
1.035E-03 1.628E+00 1.427E-02 3.149E+03 0.000E+00 0.000E+00 3.150E+03 3.149E+03 
1.072E-03 1.617E+00 1.512E-02 2.869E+03 0.000E+00 0.000E+00 2.871E+03 2.869E+03 
1.072E-03 1.617E+00 1.512E-02 2.875E+03 0.000E+00 0.000E+00 2.877E+03 2.875E+03 
1.183E-03 1.585E+00 1.782E-02 2.211E+03 0.000E+00 0.000E+00 2.212E+03 2.211E+03 
1.305E-03 1.551E+00 2.094E-02 1.698E+03 0.000E+00 0.000E+00 1.699E+03 1.698E+03 
1.305E-03 1.551E+00 2.094E-02 1.703E+03 0.000E+00 0.000E+00 1.704E+03 1.703E+03 
1.500E-03 1.495E+00 2.613E-02 1.168E+03 0.000E+00 0.000E+00 1.169E+03 1.168E+03 
2.000E-03 1.343E+00 3.978E-02 5.243E+02 0.000E+00 0.000E+00 5.257E+02 5.244E+02 
2.145E-03 1.299E+00 4.372E-02 4.298E+02 0.000E+00 0.000E+00 4.311E+02 4.298E+02 
2.145E-03 1.299E+00 4.372E-02 5.588E+02 0.000E+00 0.000E+00 5.601E+02 5.588E+02 
2.303E-03 1.253E+00 4.794E-02 4.614E+02 0.000E+00 0.000E+00 4.627E+02 4.614E+02 
2.472E-03 1.205E+00 5.238E-02 3.807E+02 0.000E+00 0.000E+00 3.819E+02 3.807E+02 
2.472E-03 1.205E+00 5.238E-02 3.862E+02 0.000E+00 0.000E+00 3.875E+02 3.863E+02 
2.641E-03 1.158E+00 5.671E-02 3.225E+02 0.000E+00 0.000E+00 3.237E+02 3.226E+02 
2.822E-03 1.110E+00 6.120E-02 2.689E+02 0.000E+00 0.000E+00 2.701E+02 2.690E+02 
2.822E-03 1.110E+00 6.120E-02 2.704E+02 0.000E+00 0.000E+00 2.716E+02 2.705E+02 
3.000E-03 1.066E+00 6.545E-02 2.285E+02 0.000E+00 0.000E+00 2.296E+02 2.286E+02 
3.607E-03 9.263E-01 7.870E-02 1.358E+02 0.000E+00 0.000E+00 1.368E+02 1.359E+02 
3.607E-03 9.263E-01 7.870E-02 1.369E+02 0.000E+00 0.000E+00 1.379E+02 1.370E+02 
4.000E-03 8.473E-01 8.622E-02 1.019E+02 0.000E+00 0.000E+00 1.028E+02 1.020E+02 
4.038E-03 8.400E-01 8.691E-02 9.915E+01 0.000E+00 0.000E+00 1.001E+02 9.924E+01 
4.038E-03 8.400E-01 8.691E-02 2.122E+02 0.000E+00 0.000E+00 2.132E+02 2.123E+02 
5.000E-03 6.856E-01 1.020E-01 1.206E+02 0.000E+00 0.000E+00 1.214E+02 1.207E+02 
6.000E-03 5.675E-01 1.140E-01 7.306E+01 0.000E+00 0.000E+00 7.374E+01 7.317E+01 
8.000E-03 4.132E-01 1.304E-01 3.270E+01 0.000E+00 0.000E+00 3.325E+01 3.283E+01 
1.000E-02 3.194E-01 1.411E-01 1.729E+01 0.000E+00 0.000E+00 1.775E+01 1.743E+01 
1.500E-02 1.924E-01 1.570E-01 5.283E+00 0.000E+00 0.000E+00 5.632E+00 5.440E+00 
2.000E-02 1.282E-01 1.654E-01 2.237E+00 0.000E+00 0.000E+00 2.531E+00 2.402E+00 
3.000E-02 6.825E-02 1.720E-01 6.511E-01 0.000E+00 0.000E+00 8.914E-01 8.231E-01 
4.000E-02 4.242E-02 1.725E-01 2.676E-01 0.000E+00 0.000E+00 4.825E-01 4.401E-01 
5.000E-02 2.896E-02 1.707E-01 1.333E-01 0.000E+00 0.000E+00 3.330E-01 3.040E-01 
6.000E-02 2.103E-02 1.679E-01 7.520E-02 0.000E+00 0.000E+00 2.641E-01 2.431E-01 
8.000E-02 1.249E-02 1.614E-01 3.030E-02 0.000E+00 0.000E+00 2.042E-01 1.917E-01 
1.000E-01 8.241E-03 1.549E-01 1.494E-02 0.000E+00 0.000E+00 1.781E-01 1.698E-01 
1.500E-01 3.807E-03 1.406E-01 4.144E-03 0.000E+00 0.000E+00 1.486E-01 1.448E-01 
2.000E-01 2.179E-03 1.293E-01 1.685E-03 0.000E+00 0.000E+00 1.332E-01 1.310E-01 
3.000E-01 9.834E-04 1.128E-01 4.913E-04 0.000E+00 0.000E+00 1.142E-01 1.133E-01 
4.000E-01 5.565E-04 1.012E-01 2.141E-04 0.000E+00 0.000E+00 1.019E-01 1.014E-01 
5.000E-01 3.572E-04 9.244E-02 1.166E-04 0.000E+00 0.000E+00 9.292E-02 9.256E-02 
6.000E-01 2.485E-04 8.554E-02 7.306E-05 0.000E+00 0.000E+00 8.586E-02 8.561E-02 
8.000E-01 1.400E-04 7.517E-02 3.707E-05 0.000E+00 0.000E+00 7.535E-02 7.521E-02 
1.000E+00 8.966E-05 6.761E-02 2.305E-05 0.000E+00 0.000E+00 6.772E-02 6.763E-02 
1.022E+00 8.586E-05 6.690E-02 2.178E-05 0.000E+00 0.000E+00 6.701E-02 6.692E-02 
1.250E+00 5.742E-05 6.046E-02 1.475E-05 2.242E-05 0.000E+00 6.055E-02 6.050E-02 
1.500E+00 3.988E-05 5.495E-02 1.066E-05 1.219E-04 0.000E+00 5.512E-02 5.508E-02 
2.000E+00 2.244E-05 4.690E-02 6.624E-06 4.820E-04 0.000E+00 4.741E-02 4.739E-02 
2.044E+00 2.148E-05 4.631E-02 6.403E-06 5.194E-04 0.000E+00 4.686E-02 4.684E-02 
3.000E+00 9.975E-06 3.689E-02 3.636E-06 1.369E-03 1.291E-05 3.829E-02 3.828E-02 
4.000E+00 5.613E-06 3.078E-02 2.467E-06 2.215E-03 5.271E-05 3.305E-02 3.305E-02 
5.000E+00 3.591E-06 2.658E-02 1.856E-06 2.967E-03 1.050E-04 2.966E-02 2.965E-02 
6.000E+00 2.494E-06 2.349E-02 1.484E-06 3.641E-03 1.613E-04 2.730E-02 2.730E-02 
