Density

1.25

Photon    Coherent Incoher. Photoel. Nuclear  Electron Tot. w/  Tot. wo/ 
Energy    Scatter. Scatter. Absorb.  Pr. Prd. Pr. Prd. Coherent Coherent 

1.000E-03 1.503E+00 1.383E-02 3.342E+03 0.000E+00 0.000E+00 3.344E+03 3.342E+03 
1.142E-03 1.464E+00 1.734E-02 2.339E+03 0.000E+00 0.000E+00 2.341E+03 2.339E+03 
1.305E-03 1.422E+00 2.167E-02 1.634E+03 0.000E+00 0.000E+00 1.635E+03 1.634E+03 
1.305E-03 1.422E+00 2.167E-02 1.639E+03 0.000E+00 0.000E+00 1.640E+03 1.639E+03 
1.500E-03 1.370E+00 2.713E-02 1.122E+03 0.000E+00 0.000E+00 1.123E+03 1.122E+03 
2.000E-03 1.228E+00 4.152E-02 5.020E+02 0.000E+00 0.000E+00 5.032E+02 5.020E+02 
2.145E-03 1.187E+00 4.568E-02 4.111E+02 0.000E+00 0.000E+00 4.124E+02 4.112E+02 
2.145E-03 1.187E+00 4.568E-02 5.001E+02 0.000E+00 0.000E+00 5.013E+02 5.001E+02 
2.303E-03 1.144E+00 5.012E-02 4.117E+02 0.000E+00 0.000E+00 4.129E+02 4.117E+02 
2.472E-03 1.099E+00 5.478E-02 3.386E+02 0.000E+00 0.000E+00 3.398E+02 3.387E+02 
2.472E-03 1.099E+00 5.478E-02 3.423E+02 0.000E+00 0.000E+00 3.435E+02 3.424E+02 
2.641E-03 1.055E+00 5.933E-02 2.850E+02 0.000E+00 0.000E+00 2.861E+02 2.851E+02 
2.822E-03 1.010E+00 6.404E-02 2.370E+02 0.000E+00 0.000E+00 2.381E+02 2.371E+02 
2.822E-03 1.010E+00 6.404E-02 2.385E+02 0.000E+00 0.000E+00 2.396E+02 2.385E+02 
3.000E-03 9.674E-01 6.848E-02 2.011E+02 0.000E+00 0.000E+00 2.021E+02 2.011E+02 
3.607E-03 8.366E-01 8.229E-02 1.188E+02 0.000E+00 0.000E+00 1.198E+02 1.189E+02 
3.607E-03 8.366E-01 8.229E-02 1.199E+02 0.000E+00 0.000E+00 1.208E+02 1.200E+02 
4.000E-03 7.630E-01 9.009E-02 8.897E+01 0.000E+00 0.000E+00 8.983E+01 8.906E+01 
4.038E-03 7.563E-01 9.080E-02 8.657E+01 0.000E+00 0.000E+00 8.741E+01 8.666E+01 
4.038E-03 7.563E-01 9.080E-02 1.635E+02 0.000E+00 0.000E+00 1.643E+02 1.636E+02 
5.000E-03 6.131E-01 1.064E-01 9.206E+01 0.000E+00 0.000E+00 9.278E+01 9.217E+01 
6.000E-03 5.046E-01 1.185E-01 5.545E+01 0.000E+00 0.000E+00 5.607E+01 5.557E+01 
7.112E-03 4.170E-01 1.287E-01 3.437E+01 0.000E+00 0.000E+00 3.492E+01 3.450E+01 
7.112E-03 4.170E-01 1.287E-01 3.472E+01 0.000E+00 0.000E+00 3.527E+01 3.485E+01 
8.000E-03 3.642E-01 1.351E-01 2.488E+01 0.000E+00 0.000E+00 2.538E+01 2.502E+01 
1.000E-02 2.800E-01 1.457E-01 1.309E+01 0.000E+00 0.000E+00 1.351E+01 1.323E+01 
1.500E-02 1.677E-01 1.612E-01 3.971E+00 0.000E+00 0.000E+00 4.300E+00 4.132E+00 
2.000E-02 1.117E-01 1.694E-01 1.674E+00 0.000E+00 0.000E+00 1.955E+00 1.843E+00 
3.000E-02 5.931E-02 1.755E-01 4.848E-01 0.000E+00 0.000E+00 7.196E-01 6.603E-01 
4.000E-02 3.673E-02 1.756E-01 1.986E-01 0.000E+00 0.000E+00 4.110E-01 3.743E-01 
5.000E-02 2.500E-02 1.735E-01 9.877E-02 0.000E+00 0.000E+00 2.973E-01 2.723E-01 
6.000E-02 1.811E-02 1.705E-01 5.563E-02 0.000E+00 0.000E+00 2.443E-01 2.262E-01 
8.000E-02 1.072E-02 1.637E-01 2.237E-02 0.000E+00 0.000E+00 1.968E-01 1.861E-01 
1.000E-01 7.065E-03 1.570E-01 1.102E-02 0.000E+00 0.000E+00 1.751E-01 1.680E-01 
1.500E-01 3.255E-03 1.424E-01 3.049E-03 0.000E+00 0.000E+00 1.487E-01 1.455E-01 
2.000E-01 1.860E-03 1.309E-01 1.238E-03 0.000E+00 0.000E+00 1.340E-01 1.322E-01 
3.000E-01 8.381E-04 1.141E-01 3.607E-04 0.000E+00 0.000E+00 1.153E-01 1.145E-01 
4.000E-01 4.740E-04 1.024E-01 1.571E-04 0.000E+00 0.000E+00 1.030E-01 1.025E-01 
5.000E-01 3.042E-04 9.354E-02 8.553E-05 0.000E+00 0.000E+00 9.393E-02 9.362E-02 
6.000E-01 2.115E-04 8.654E-02 5.357E-05 0.000E+00 0.000E+00 8.681E-02 8.660E-02 
8.000E-01 1.192E-04 7.605E-02 2.718E-05 0.000E+00 0.000E+00 7.620E-02 7.608E-02 
1.000E+00 7.631E-05 6.840E-02 1.690E-05 0.000E+00 0.000E+00 6.849E-02 6.842E-02 
1.022E+00 7.308E-05 6.769E-02 1.595E-05 0.000E+00 0.000E+00 6.777E-02 6.770E-02 
1.250E+00 4.887E-05 6.117E-02 1.081E-05 2.035E-05 0.000E+00 6.125E-02 6.120E-02 
1.500E+00 3.394E-05 5.560E-02 7.815E-06 1.112E-04 0.000E+00 5.575E-02 5.571E-02 
2.000E+00 1.910E-05 4.745E-02 4.857E-06 4.403E-04 0.000E+00 4.791E-02 4.789E-02 
2.044E+00 1.828E-05 4.685E-02 4.694E-06 4.745E-04 0.000E+00 4.735E-02 4.733E-02 
3.000E+00 8.489E-06 3.733E-02 2.668E-06 1.253E-03 1.306E-05 3.860E-02 3.859E-02 
4.000E+00 4.776E-06 3.114E-02 1.810E-06 2.028E-03 5.332E-05 3.322E-02 3.322E-02 
5.000E+00 3.056E-06 2.689E-02 1.363E-06 2.717E-03 1.063E-04 2.972E-02 2.971E-02 
6.000E+00 2.122E-06 2.377E-02 1.090E-06 3.337E-03 1.632E-04 2.727E-02 2.727E-02 
