Density

1.33

Photon    Coherent Incoher. Photoel. Nuclear  Electron Tot. w/  Tot. wo/ 
Energy    Scatter. Scatter. Absorb.  Pr. Prd. Pr. Prd. Coherent Coherent 

1.000E-03 1.589E+00 1.346E-02 3.479E+03 0.000E+00 0.000E+00 3.481E+03 3.479E+03 
1.035E-03 1.579E+00 1.428E-02 3.170E+03 0.000E+00 0.000E+00 3.172E+03 3.170E+03 
1.072E-03 1.568E+00 1.514E-02 2.889E+03 0.000E+00 0.000E+00 2.890E+03 2.889E+03 
1.072E-03 1.568E+00 1.514E-02 2.895E+03 0.000E+00 0.000E+00 2.896E+03 2.895E+03 
1.183E-03 1.538E+00 1.786E-02 2.225E+03 0.000E+00 0.000E+00 2.227E+03 2.225E+03 
1.305E-03 1.505E+00 2.103E-02 1.709E+03 0.000E+00 0.000E+00 1.710E+03 1.709E+03 
1.305E-03 1.505E+00 2.103E-02 1.714E+03 0.000E+00 0.000E+00 1.715E+03 1.714E+03 
1.500E-03 1.451E+00 2.629E-02 1.175E+03 0.000E+00 0.000E+00 1.176E+03 1.175E+03 
2.000E-03 1.304E+00 4.017E-02 5.271E+02 0.000E+00 0.000E+00 5.284E+02 5.271E+02 
2.145E-03 1.261E+00 4.418E-02 4.320E+02 0.000E+00 0.000E+00 4.333E+02 4.320E+02 
2.145E-03 1.261E+00 4.418E-02 5.454E+02 0.000E+00 0.000E+00 5.467E+02 5.454E+02 
2.303E-03 1.216E+00 4.848E-02 4.498E+02 0.000E+00 0.000E+00 4.510E+02 4.498E+02 
2.472E-03 1.169E+00 5.299E-02 3.706E+02 0.000E+00 0.000E+00 3.719E+02 3.707E+02 
2.472E-03 1.169E+00 5.299E-02 3.762E+02 0.000E+00 0.000E+00 3.774E+02 3.763E+02 
2.641E-03 1.123E+00 5.741E-02 3.138E+02 0.000E+00 0.000E+00 3.150E+02 3.138E+02 
2.822E-03 1.076E+00 6.197E-02 2.614E+02 0.000E+00 0.000E+00 2.625E+02 2.615E+02 
2.822E-03 1.076E+00 6.197E-02 2.629E+02 0.000E+00 0.000E+00 2.640E+02 2.629E+02 
3.000E-03 1.032E+00 6.630E-02 2.219E+02 0.000E+00 0.000E+00 2.230E+02 2.220E+02 
3.607E-03 8.958E-01 7.978E-02 1.316E+02 0.000E+00 0.000E+00 1.326E+02 1.317E+02 
3.607E-03 8.958E-01 7.978E-02 1.327E+02 0.000E+00 0.000E+00 1.337E+02 1.328E+02 
4.000E-03 8.185E-01 8.743E-02 9.864E+01 0.000E+00 0.000E+00 9.954E+01 9.872E+01 
4.038E-03 8.114E-01 8.813E-02 9.598E+01 0.000E+00 0.000E+00 9.688E+01 9.607E+01 
4.038E-03 8.114E-01 8.813E-02 1.910E+02 0.000E+00 0.000E+00 1.919E+02 1.911E+02 
5.000E-03 6.602E-01 1.035E-01 1.080E+02 0.000E+00 0.000E+00 1.088E+02 1.081E+02 
6.000E-03 5.449E-01 1.156E-01 6.526E+01 0.000E+00 0.000E+00 6.592E+01 6.537E+01 
8.000E-03 3.947E-01 1.322E-01 2.909E+01 0.000E+00 0.000E+00 2.961E+01 2.922E+01 
1.000E-02 3.040E-01 1.429E-01 1.533E+01 0.000E+00 0.000E+00 1.578E+01 1.547E+01 
1.500E-02 1.824E-01 1.586E-01 4.666E+00 0.000E+00 0.000E+00 5.007E+00 4.824E+00 
2.000E-02 1.215E-01 1.669E-01 1.970E+00 0.000E+00 0.000E+00 2.259E+00 2.137E+00 
3.000E-02 6.462E-02 1.734E-01 5.717E-01 0.000E+00 0.000E+00 8.097E-01 7.451E-01 
4.000E-02 4.010E-02 1.738E-01 2.345E-01 0.000E+00 0.000E+00 4.484E-01 4.083E-01 
5.000E-02 2.734E-02 1.718E-01 1.167E-01 0.000E+00 0.000E+00 3.159E-01 2.885E-01 
6.000E-02 1.983E-02 1.690E-01 6.575E-02 0.000E+00 0.000E+00 2.546E-01 2.347E-01 
8.000E-02 1.176E-02 1.624E-01 2.646E-02 0.000E+00 0.000E+00 2.006E-01 1.888E-01 
1.000E-01 7.755E-03 1.558E-01 1.304E-02 0.000E+00 0.000E+00 1.766E-01 1.688E-01 
1.500E-01 3.578E-03 1.414E-01 3.610E-03 0.000E+00 0.000E+00 1.486E-01 1.450E-01 
2.000E-01 2.047E-03 1.300E-01 1.466E-03 0.000E+00 0.000E+00 1.335E-01 1.314E-01 
3.000E-01 9.228E-04 1.133E-01 4.273E-04 0.000E+00 0.000E+00 1.147E-01 1.138E-01 
4.000E-01 5.221E-04 1.017E-01 1.861E-04 0.000E+00 0.000E+00 1.024E-01 1.019E-01 
5.000E-01 3.351E-04 9.290E-02 1.013E-04 0.000E+00 0.000E+00 9.334E-02 9.300E-02 
6.000E-01 2.330E-04 8.596E-02 6.348E-05 0.000E+00 0.000E+00 8.625E-02 8.602E-02 
8.000E-01 1.313E-04 7.554E-02 3.221E-05 0.000E+00 0.000E+00 7.570E-02 7.557E-02 
1.000E+00 8.409E-05 6.794E-02 2.002E-05 0.000E+00 0.000E+00 6.805E-02 6.796E-02 
1.022E+00 8.052E-05 6.723E-02 1.891E-05 0.000E+00 0.000E+00 6.733E-02 6.725E-02 
1.250E+00 5.385E-05 6.076E-02 1.281E-05 2.161E-05 0.000E+00 6.084E-02 6.079E-02 
1.500E+00 3.740E-05 5.522E-02 9.262E-06 1.178E-04 0.000E+00 5.539E-02 5.535E-02 
2.000E+00 2.104E-05 4.713E-02 5.755E-06 4.659E-04 0.000E+00 4.762E-02 4.760E-02 
2.044E+00 2.015E-05 4.654E-02 5.563E-06 5.021E-04 0.000E+00 4.707E-02 4.705E-02 
3.000E+00 9.354E-06 3.708E-02 3.161E-06 1.325E-03 1.297E-05 3.843E-02 3.842E-02 
4.000E+00 5.263E-06 3.093E-02 2.145E-06 2.143E-03 5.296E-05 3.313E-02 3.313E-02 
5.000E+00 3.368E-06 2.671E-02 1.614E-06 2.872E-03 1.055E-04 2.969E-02 2.969E-02 
6.000E+00 2.339E-06 2.361E-02 1.291E-06 3.525E-03 1.621E-04 2.730E-02 2.730E-02 
